service_id,monday,tuesday,wednesday,thursday,friday,saturday,sunday,start_date,end_date
000001,0,0,0,0,0,0,0,20181203,20191214
000002,0,0,0,0,0,0,0,20181203,20191214
000003,0,0,0,0,0,0,0,20181203,20191214
000004,0,0,0,0,0,0,0,20181203,20191214
000005,0,0,0,0,0,0,0,20181203,20191214
000006,0,0,0,0,0,0,0,20181203,20191214
000007,0,0,0,0,0,0,0,20181203,20191214
000008,0,0,0,0,0,0,0,20181203,20191214
000009,0,0,0,0,0,0,0,20181203,20191214
000010,0,0,0,0,0,0,0,20181203,20191214
000011,0,0,0,0,0,0,0,20181203,20191214
000012,0,0,0,0,0,0,0,20181203,20191214
000013,0,0,0,0,0,0,0,20181203,20191214
000014,0,0,0,0,0,0,0,20181203,20191214
000015,0,0,0,0,0,0,0,20181203,20191214
000016,0,0,0,0,0,0,0,20181203,20191214
000017,0,0,0,0,0,0,0,20181203,20191214
000018,0,0,0,0,0,0,0,20181203,20191214
000019,0,0,0,0,0,0,0,20181203,20191214
000020,0,0,0,0,0,0,0,20181203,20191214
000021,0,0,0,0,0,0,0,20181203,20191214
000022,0,0,0,0,0,0,0,20181203,20191214
000023,0,0,0,0,0,0,0,20181203,20191214
000024,0,0,0,0,0,0,0,20181203,20191214
000025,0,0,0,0,0,0,0,20181203,20191214
000026,0,0,0,0,0,0,0,20181203,20191214
000027,0,0,0,0,0,0,0,20181203,20191214
000028,0,0,0,0,0,0,0,20181203,20191214
000029,0,0,0,0,0,0,0,20181203,20191214
000030,0,0,0,0,0,0,0,20181203,20191214
000031,0,0,0,0,0,0,0,20181203,20191214
000033,0,0,0,0,0,0,0,20181203,20191214
000034,0,0,0,0,0,0,0,20181203,20191214
000035,0,0,0,0,0,0,0,20181203,20191214
000036,0,0,0,0,0,0,0,20181203,20191214
000037,0,0,0,0,0,0,0,20181203,20191214
000038,0,0,0,0,0,0,0,20181203,20191214
000039,0,0,0,0,0,0,0,20181203,20191214
000040,0,0,0,0,0,0,0,20181203,20191214
000041,0,0,0,0,0,0,0,20181203,20191214
000042,0,0,0,0,0,0,0,20181203,20191214
000043,0,0,0,0,0,0,0,20181203,20191214
000044,0,0,0,0,0,0,0,20181203,20191214
000045,0,0,0,0,0,0,0,20181203,20191214
000046,0,0,0,0,0,0,0,20181203,20191214
000047,0,0,0,0,0,0,0,20181203,20191214
000048,0,0,0,0,0,0,0,20181203,20191214
000049,0,0,0,0,0,0,0,20181203,20191214
000050,0,0,0,0,0,0,0,20181203,20191214
000051,0,0,0,0,0,0,0,20181203,20191214
000052,0,0,0,0,0,0,0,20181203,20191214
000053,0,0,0,0,0,0,0,20181203,20191214
000054,0,0,0,0,0,0,0,20181203,20191214
000055,0,0,0,0,0,0,0,20181203,20191214
000056,0,0,0,0,0,0,0,20181203,20191214
000057,0,0,0,0,0,0,0,20181203,20191214
000058,0,0,0,0,0,0,0,20181203,20191214
000059,0,0,0,0,0,0,0,20181203,20191214
000060,0,0,0,0,0,0,0,20181203,20191214
000061,0,0,0,0,0,0,0,20181203,20191214
000062,0,0,0,0,0,0,0,20181203,20191214
000063,0,0,0,0,0,0,0,20181203,20191214
000064,0,0,0,0,0,0,0,20181203,20191214
000065,0,0,0,0,0,0,0,20181203,20191214
000066,0,0,0,0,0,0,0,20181203,20191214
000067,0,0,0,0,0,0,0,20181203,20191214
000068,0,0,0,0,0,0,0,20181203,20191214
000069,0,0,0,0,0,0,0,20181203,20191214
000070,0,0,0,0,0,0,0,20181203,20191214
000071,0,0,0,0,0,0,0,20181203,20191214
000072,0,0,0,0,0,0,0,20181203,20191214
000073,0,0,0,0,0,0,0,20181203,20191214
000074,0,0,0,0,0,0,0,20181203,20191214
000075,0,0,0,0,0,0,0,20181203,20191214
000076,0,0,0,0,0,0,0,20181203,20191214
000077,0,0,0,0,0,0,0,20181203,20191214
000078,0,0,0,0,0,0,0,20181203,20191214
000079,0,0,0,0,0,0,0,20181203,20191214
000080,0,0,0,0,0,0,0,20181203,20191214
000081,0,0,0,0,0,0,0,20181203,20191214
000082,0,0,0,0,0,0,0,20181203,20191214
000083,0,0,0,0,0,0,0,20181203,20191214
000084,0,0,0,0,0,0,0,20181203,20191214
000085,0,0,0,0,0,0,0,20181203,20191214
000086,0,0,0,0,0,0,0,20181203,20191214
000087,0,0,0,0,0,0,0,20181203,20191214
000088,0,0,0,0,0,0,0,20181203,20191214
000089,0,0,0,0,0,0,0,20181203,20191214
000090,0,0,0,0,0,0,0,20181203,20191214
000091,0,0,0,0,0,0,0,20181203,20191214
000092,0,0,0,0,0,0,0,20181203,20191214
000093,0,0,0,0,0,0,0,20181203,20191214
000094,0,0,0,0,0,0,0,20181203,20191214
000096,0,0,0,0,0,0,0,20181203,20191214
000098,0,0,0,0,0,0,0,20181203,20191214
000099,0,0,0,0,0,0,0,20181203,20191214
000100,0,0,0,0,0,0,0,20181203,20191214
000101,0,0,0,0,0,0,0,20181203,20191214
000102,0,0,0,0,0,0,0,20181203,20191214
000103,0,0,0,0,0,0,0,20181203,20191214
000104,0,0,0,0,0,0,0,20181203,20191214
000105,0,0,0,0,0,0,0,20181203,20191214
000106,0,0,0,0,0,0,0,20181203,20191214
000107,0,0,0,0,0,0,0,20181203,20191214
000108,0,0,0,0,0,0,0,20181203,20191214
000109,0,0,0,0,0,0,0,20181203,20191214
000110,0,0,0,0,0,0,0,20181203,20191214
000111,0,0,0,0,0,0,0,20181203,20191214
000112,0,0,0,0,0,0,0,20181203,20191214
000113,0,0,0,0,0,0,0,20181203,20191214
000114,0,0,0,0,0,0,0,20181203,20191214
000115,0,0,0,0,0,0,0,20181203,20191214
000116,0,0,0,0,0,0,0,20181203,20191214
000117,0,0,0,0,0,0,0,20181203,20191214
000118,0,0,0,0,0,0,0,20181203,20191214
000119,0,0,0,0,0,0,0,20181203,20191214
000120,0,0,0,0,0,0,0,20181203,20191214
000121,0,0,0,0,0,0,0,20181203,20191214
000122,0,0,0,0,0,0,0,20181203,20191214
000123,0,0,0,0,0,0,0,20181203,20191214
000124,0,0,0,0,0,0,0,20181203,20191214
000125,0,0,0,0,0,0,0,20181203,20191214
000126,0,0,0,0,0,0,0,20181203,20191214
000127,0,0,0,0,0,0,0,20181203,20191214
000128,0,0,0,0,0,0,0,20181203,20191214
000129,0,0,0,0,0,0,0,20181203,20191214
000130,0,0,0,0,0,0,0,20181203,20191214
000131,0,0,0,0,0,0,0,20181203,20191214
000132,0,0,0,0,0,0,0,20181203,20191214
000133,0,0,0,0,0,0,0,20181203,20191214
000134,0,0,0,0,0,0,0,20181203,20191214
000135,0,0,0,0,0,0,0,20181203,20191214
000136,0,0,0,0,0,0,0,20181203,20191214
000137,0,0,0,0,0,0,0,20181203,20191214
000138,0,0,0,0,0,0,0,20181203,20191214
000139,0,0,0,0,0,0,0,20181203,20191214
000140,0,0,0,0,0,0,0,20181203,20191214
000141,0,0,0,0,0,0,0,20181203,20191214
000142,0,0,0,0,0,0,0,20181203,20191214
000143,0,0,0,0,0,0,0,20181203,20191214
000144,0,0,0,0,0,0,0,20181203,20191214
000145,0,0,0,0,0,0,0,20181203,20191214
000146,0,0,0,0,0,0,0,20181203,20191214
000147,0,0,0,0,0,0,0,20181203,20191214
000148,0,0,0,0,0,0,0,20181203,20191214
000149,0,0,0,0,0,0,0,20181203,20191214
000150,0,0,0,0,0,0,0,20181203,20191214
000151,0,0,0,0,0,0,0,20181203,20191214
000152,0,0,0,0,0,0,0,20181203,20191214
000153,0,0,0,0,0,0,0,20181203,20191214
000154,0,0,0,0,0,0,0,20181203,20191214
000155,0,0,0,0,0,0,0,20181203,20191214
000156,0,0,0,0,0,0,0,20181203,20191214
000157,0,0,0,0,0,0,0,20181203,20191214
000158,0,0,0,0,0,0,0,20181203,20191214
000160,0,0,0,0,0,0,0,20181203,20191214
000161,0,0,0,0,0,0,0,20181203,20191214
000162,0,0,0,0,0,0,0,20181203,20191214
000163,0,0,0,0,0,0,0,20181203,20191214
000164,0,0,0,0,0,0,0,20181203,20191214
000165,0,0,0,0,0,0,0,20181203,20191214
000166,0,0,0,0,0,0,0,20181203,20191214
000167,0,0,0,0,0,0,0,20181203,20191214
000168,0,0,0,0,0,0,0,20181203,20191214
000169,0,0,0,0,0,0,0,20181203,20191214
000170,0,0,0,0,0,0,0,20181203,20191214
000171,0,0,0,0,0,0,0,20181203,20191214
000172,0,0,0,0,0,0,0,20181203,20191214
000173,0,0,0,0,0,0,0,20181203,20191214
000174,0,0,0,0,0,0,0,20181203,20191214
000175,0,0,0,0,0,0,0,20181203,20191214
000176,0,0,0,0,0,0,0,20181203,20191214
000177,0,0,0,0,0,0,0,20181203,20191214
000178,0,0,0,0,0,0,0,20181203,20191214
000179,0,0,0,0,0,0,0,20181203,20191214
000180,0,0,0,0,0,0,0,20181203,20191214
000181,0,0,0,0,0,0,0,20181203,20191214
000182,0,0,0,0,0,0,0,20181203,20191214
000183,0,0,0,0,0,0,0,20181203,20191214
000184,0,0,0,0,0,0,0,20181203,20191214
000185,0,0,0,0,0,0,0,20181203,20191214
000186,0,0,0,0,0,0,0,20181203,20191214
000187,0,0,0,0,0,0,0,20181203,20191214
000188,0,0,0,0,0,0,0,20181203,20191214
000189,0,0,0,0,0,0,0,20181203,20191214
000190,0,0,0,0,0,0,0,20181203,20191214
000192,0,0,0,0,0,0,0,20181203,20191214
000193,0,0,0,0,0,0,0,20181203,20191214
000194,0,0,0,0,0,0,0,20181203,20191214
000195,0,0,0,0,0,0,0,20181203,20191214
000196,0,0,0,0,0,0,0,20181203,20191214
000197,0,0,0,0,0,0,0,20181203,20191214
000198,0,0,0,0,0,0,0,20181203,20191214
000199,0,0,0,0,0,0,0,20181203,20191214
000201,0,0,0,0,0,0,0,20181203,20191214
000202,0,0,0,0,0,0,0,20181203,20191214
000203,0,0,0,0,0,0,0,20181203,20191214
000204,0,0,0,0,0,0,0,20181203,20191214
000205,0,0,0,0,0,0,0,20181203,20191214
000206,0,0,0,0,0,0,0,20181203,20191214
000207,0,0,0,0,0,0,0,20181203,20191214
000208,0,0,0,0,0,0,0,20181203,20191214
000209,0,0,0,0,0,0,0,20181203,20191214
000210,0,0,0,0,0,0,0,20181203,20191214
000211,0,0,0,0,0,0,0,20181203,20191214
000212,0,0,0,0,0,0,0,20181203,20191214
000213,0,0,0,0,0,0,0,20181203,20191214
000214,0,0,0,0,0,0,0,20181203,20191214
000215,0,0,0,0,0,0,0,20181203,20191214
000216,0,0,0,0,0,0,0,20181203,20191214
000217,0,0,0,0,0,0,0,20181203,20191214
000218,0,0,0,0,0,0,0,20181203,20191214
000219,0,0,0,0,0,0,0,20181203,20191214
000220,0,0,0,0,0,0,0,20181203,20191214
000221,0,0,0,0,0,0,0,20181203,20191214
000222,0,0,0,0,0,0,0,20181203,20191214
000223,0,0,0,0,0,0,0,20181203,20191214
000224,0,0,0,0,0,0,0,20181203,20191214
000225,0,0,0,0,0,0,0,20181203,20191214
000226,0,0,0,0,0,0,0,20181203,20191214
000227,0,0,0,0,0,0,0,20181203,20191214
000228,0,0,0,0,0,0,0,20181203,20191214
000229,0,0,0,0,0,0,0,20181203,20191214
000230,0,0,0,0,0,0,0,20181203,20191214
000231,0,0,0,0,0,0,0,20181203,20191214
000232,0,0,0,0,0,0,0,20181203,20191214
000233,0,0,0,0,0,0,0,20181203,20191214
000234,0,0,0,0,0,0,0,20181203,20191214
000235,0,0,0,0,0,0,0,20181203,20191214
000237,0,0,0,0,0,0,0,20181203,20191214
000238,0,0,0,0,0,0,0,20181203,20191214
000239,0,0,0,0,0,0,0,20181203,20191214
000241,0,0,0,0,0,0,0,20181203,20191214
000243,0,0,0,0,0,0,0,20181203,20191214
000244,0,0,0,0,0,0,0,20181203,20191214
000245,0,0,0,0,0,0,0,20181203,20191214
000246,0,0,0,0,0,0,0,20181203,20191214
000247,0,0,0,0,0,0,0,20181203,20191214
000248,0,0,0,0,0,0,0,20181203,20191214
000249,0,0,0,0,0,0,0,20181203,20191214
000250,0,0,0,0,0,0,0,20181203,20191214
000251,0,0,0,0,0,0,0,20181203,20191214
000252,0,0,0,0,0,0,0,20181203,20191214
000253,0,0,0,0,0,0,0,20181203,20191214
000254,0,0,0,0,0,0,0,20181203,20191214
000255,0,0,0,0,0,0,0,20181203,20191214
000256,0,0,0,0,0,0,0,20181203,20191214
000257,0,0,0,0,0,0,0,20181203,20191214
000258,0,0,0,0,0,0,0,20181203,20191214
000259,0,0,0,0,0,0,0,20181203,20191214
000260,0,0,0,0,0,0,0,20181203,20191214
000261,0,0,0,0,0,0,0,20181203,20191214
000262,0,0,0,0,0,0,0,20181203,20191214
000263,0,0,0,0,0,0,0,20181203,20191214
000264,0,0,0,0,0,0,0,20181203,20191214
000266,0,0,0,0,0,0,0,20181203,20191214
000269,0,0,0,0,0,0,0,20181203,20191214
000270,0,0,0,0,0,0,0,20181203,20191214
000271,0,0,0,0,0,0,0,20181203,20191214
000272,0,0,0,0,0,0,0,20181203,20191214
000274,0,0,0,0,0,0,0,20181203,20191214
000275,0,0,0,0,0,0,0,20181203,20191214
000276,0,0,0,0,0,0,0,20181203,20191214
000277,0,0,0,0,0,0,0,20181203,20191214
000279,0,0,0,0,0,0,0,20181203,20191214
000280,0,0,0,0,0,0,0,20181203,20191214
000281,0,0,0,0,0,0,0,20181203,20191214
000282,0,0,0,0,0,0,0,20181203,20191214
000283,0,0,0,0,0,0,0,20181203,20191214
000284,0,0,0,0,0,0,0,20181203,20191214
000285,0,0,0,0,0,0,0,20181203,20191214
000286,0,0,0,0,0,0,0,20181203,20191214
000287,0,0,0,0,0,0,0,20181203,20191214
000288,0,0,0,0,0,0,0,20181203,20191214
000289,0,0,0,0,0,0,0,20181203,20191214
000291,0,0,0,0,0,0,0,20181203,20191214
000292,0,0,0,0,0,0,0,20181203,20191214
000293,0,0,0,0,0,0,0,20181203,20191214
000294,0,0,0,0,0,0,0,20181203,20191214
000295,0,0,0,0,0,0,0,20181203,20191214
000297,0,0,0,0,0,0,0,20181203,20191214
000298,0,0,0,0,0,0,0,20181203,20191214
000299,0,0,0,0,0,0,0,20181203,20191214
000300,0,0,0,0,0,0,0,20181203,20191214
000301,0,0,0,0,0,0,0,20181203,20191214
000304,0,0,0,0,0,0,0,20181203,20191214
000305,0,0,0,0,0,0,0,20181203,20191214
000306,0,0,0,0,0,0,0,20181203,20191214
000307,0,0,0,0,0,0,0,20181203,20191214
000308,0,0,0,0,0,0,0,20181203,20191214
000309,0,0,0,0,0,0,0,20181203,20191214
000310,0,0,0,0,0,0,0,20181203,20191214
000311,0,0,0,0,0,0,0,20181203,20191214
000312,0,0,0,0,0,0,0,20181203,20191214
000313,0,0,0,0,0,0,0,20181203,20191214
000314,0,0,0,0,0,0,0,20181203,20191214
000315,0,0,0,0,0,0,0,20181203,20191214
000316,0,0,0,0,0,0,0,20181203,20191214
000317,0,0,0,0,0,0,0,20181203,20191214
000318,0,0,0,0,0,0,0,20181203,20191214
000319,0,0,0,0,0,0,0,20181203,20191214
000320,0,0,0,0,0,0,0,20181203,20191214
000321,0,0,0,0,0,0,0,20181203,20191214
000322,0,0,0,0,0,0,0,20181203,20191214
000323,0,0,0,0,0,0,0,20181203,20191214
000324,0,0,0,0,0,0,0,20181203,20191214
000325,0,0,0,0,0,0,0,20181203,20191214
000326,0,0,0,0,0,0,0,20181203,20191214
000327,0,0,0,0,0,0,0,20181203,20191214
000328,0,0,0,0,0,0,0,20181203,20191214
000329,0,0,0,0,0,0,0,20181203,20191214
000330,0,0,0,0,0,0,0,20181203,20191214
000331,0,0,0,0,0,0,0,20181203,20191214
000332,0,0,0,0,0,0,0,20181203,20191214
000333,0,0,0,0,0,0,0,20181203,20191214
000334,0,0,0,0,0,0,0,20181203,20191214
000335,0,0,0,0,0,0,0,20181203,20191214
000337,0,0,0,0,0,0,0,20181203,20191214
000341,0,0,0,0,0,0,0,20181203,20191214
000342,0,0,0,0,0,0,0,20181203,20191214
000348,0,0,0,0,0,0,0,20181203,20191214
000349,0,0,0,0,0,0,0,20181203,20191214
000350,0,0,0,0,0,0,0,20181203,20191214
000351,0,0,0,0,0,0,0,20181203,20191214
000353,0,0,0,0,0,0,0,20181203,20191214
000354,0,0,0,0,0,0,0,20181203,20191214
000359,0,0,0,0,0,0,0,20181203,20191214
000360,0,0,0,0,0,0,0,20181203,20191214
000364,0,0,0,0,0,0,0,20181203,20191214
000365,0,0,0,0,0,0,0,20181203,20191214
000368,0,0,0,0,0,0,0,20181203,20191214
000369,0,0,0,0,0,0,0,20181203,20191214
000370,0,0,0,0,0,0,0,20181203,20191214
000371,0,0,0,0,0,0,0,20181203,20191214
000372,0,0,0,0,0,0,0,20181203,20191214
000373,0,0,0,0,0,0,0,20181203,20191214
000374,0,0,0,0,0,0,0,20181203,20191214
000375,0,0,0,0,0,0,0,20181203,20191214
000376,0,0,0,0,0,0,0,20181203,20191214
000377,0,0,0,0,0,0,0,20181203,20191214
000378,0,0,0,0,0,0,0,20181203,20191214
000379,0,0,0,0,0,0,0,20181203,20191214
000380,0,0,0,0,0,0,0,20181203,20191214
000381,0,0,0,0,0,0,0,20181203,20191214
000382,0,0,0,0,0,0,0,20181203,20191214
000383,0,0,0,0,0,0,0,20181203,20191214
000384,0,0,0,0,0,0,0,20181203,20191214
000385,0,0,0,0,0,0,0,20181203,20191214
000386,0,0,0,0,0,0,0,20181203,20191214
000387,0,0,0,0,0,0,0,20181203,20191214
000388,0,0,0,0,0,0,0,20181203,20191214
000389,0,0,0,0,0,0,0,20181203,20191214
000390,0,0,0,0,0,0,0,20181203,20191214
000391,0,0,0,0,0,0,0,20181203,20191214
000392,0,0,0,0,0,0,0,20181203,20191214
000393,0,0,0,0,0,0,0,20181203,20191214
000394,0,0,0,0,0,0,0,20181203,20191214
000395,0,0,0,0,0,0,0,20181203,20191214
000396,0,0,0,0,0,0,0,20181203,20191214
000397,0,0,0,0,0,0,0,20181203,20191214
000398,0,0,0,0,0,0,0,20181203,20191214
000399,0,0,0,0,0,0,0,20181203,20191214
000400,0,0,0,0,0,0,0,20181203,20191214
000401,0,0,0,0,0,0,0,20181203,20191214
000402,0,0,0,0,0,0,0,20181203,20191214
000403,0,0,0,0,0,0,0,20181203,20191214
000404,0,0,0,0,0,0,0,20181203,20191214
000405,0,0,0,0,0,0,0,20181203,20191214
000406,0,0,0,0,0,0,0,20181203,20191214
000407,0,0,0,0,0,0,0,20181203,20191214
000408,0,0,0,0,0,0,0,20181203,20191214
000409,0,0,0,0,0,0,0,20181203,20191214
000411,0,0,0,0,0,0,0,20181203,20191214
000412,0,0,0,0,0,0,0,20181203,20191214
000413,0,0,0,0,0,0,0,20181203,20191214
000415,0,0,0,0,0,0,0,20181203,20191214
000416,0,0,0,0,0,0,0,20181203,20191214
000417,0,0,0,0,0,0,0,20181203,20191214
000419,0,0,0,0,0,0,0,20181203,20191214
000420,0,0,0,0,0,0,0,20181203,20191214
000421,0,0,0,0,0,0,0,20181203,20191214
000422,0,0,0,0,0,0,0,20181203,20191214
000423,0,0,0,0,0,0,0,20181203,20191214
000424,0,0,0,0,0,0,0,20181203,20191214
000425,0,0,0,0,0,0,0,20181203,20191214
000426,0,0,0,0,0,0,0,20181203,20191214
000427,0,0,0,0,0,0,0,20181203,20191214
000428,0,0,0,0,0,0,0,20181203,20191214
000429,0,0,0,0,0,0,0,20181203,20191214
000430,0,0,0,0,0,0,0,20181203,20191214
000431,0,0,0,0,0,0,0,20181203,20191214
000433,0,0,0,0,0,0,0,20181203,20191214
000435,0,0,0,0,0,0,0,20181203,20191214
000436,0,0,0,0,0,0,0,20181203,20191214
000437,0,0,0,0,0,0,0,20181203,20191214
000438,0,0,0,0,0,0,0,20181203,20191214
000439,0,0,0,0,0,0,0,20181203,20191214
000440,0,0,0,0,0,0,0,20181203,20191214
000441,0,0,0,0,0,0,0,20181203,20191214
000442,0,0,0,0,0,0,0,20181203,20191214
000443,0,0,0,0,0,0,0,20181203,20191214
000444,0,0,0,0,0,0,0,20181203,20191214
000445,0,0,0,0,0,0,0,20181203,20191214
000446,0,0,0,0,0,0,0,20181203,20191214
000447,0,0,0,0,0,0,0,20181203,20191214
000448,0,0,0,0,0,0,0,20181203,20191214
000449,0,0,0,0,0,0,0,20181203,20191214
000450,0,0,0,0,0,0,0,20181203,20191214
000451,0,0,0,0,0,0,0,20181203,20191214
000452,0,0,0,0,0,0,0,20181203,20191214
000453,0,0,0,0,0,0,0,20181203,20191214
000454,0,0,0,0,0,0,0,20181203,20191214
000455,0,0,0,0,0,0,0,20181203,20191214
000456,0,0,0,0,0,0,0,20181203,20191214
000457,0,0,0,0,0,0,0,20181203,20191214
000458,0,0,0,0,0,0,0,20181203,20191214
000459,0,0,0,0,0,0,0,20181203,20191214
000460,0,0,0,0,0,0,0,20181203,20191214
000461,0,0,0,0,0,0,0,20181203,20191214
000462,0,0,0,0,0,0,0,20181203,20191214
000463,0,0,0,0,0,0,0,20181203,20191214
000464,0,0,0,0,0,0,0,20181203,20191214
000465,0,0,0,0,0,0,0,20181203,20191214
000466,0,0,0,0,0,0,0,20181203,20191214
000467,0,0,0,0,0,0,0,20181203,20191214
000468,0,0,0,0,0,0,0,20181203,20191214
000469,0,0,0,0,0,0,0,20181203,20191214
000470,0,0,0,0,0,0,0,20181203,20191214
000471,0,0,0,0,0,0,0,20181203,20191214
000472,0,0,0,0,0,0,0,20181203,20191214
000473,0,0,0,0,0,0,0,20181203,20191214
000474,0,0,0,0,0,0,0,20181203,20191214
000475,0,0,0,0,0,0,0,20181203,20191214
000476,0,0,0,0,0,0,0,20181203,20191214
000477,0,0,0,0,0,0,0,20181203,20191214
000479,0,0,0,0,0,0,0,20181203,20191214
000480,0,0,0,0,0,0,0,20181203,20191214
000481,0,0,0,0,0,0,0,20181203,20191214
000482,0,0,0,0,0,0,0,20181203,20191214
000483,0,0,0,0,0,0,0,20181203,20191214
000485,0,0,0,0,0,0,0,20181203,20191214
000487,0,0,0,0,0,0,0,20181203,20191214
000489,0,0,0,0,0,0,0,20181203,20191214
000490,0,0,0,0,0,0,0,20181203,20191214
000491,0,0,0,0,0,0,0,20181203,20191214
000492,0,0,0,0,0,0,0,20181203,20191214
000493,0,0,0,0,0,0,0,20181203,20191214
000494,0,0,0,0,0,0,0,20181203,20191214
000495,0,0,0,0,0,0,0,20181203,20191214
000496,0,0,0,0,0,0,0,20181203,20191214
000497,0,0,0,0,0,0,0,20181203,20191214
000498,0,0,0,0,0,0,0,20181203,20191214
000500,0,0,0,0,0,0,0,20181203,20191214
000501,0,0,0,0,0,0,0,20181203,20191214
000502,0,0,0,0,0,0,0,20181203,20191214
000503,0,0,0,0,0,0,0,20181203,20191214
000504,0,0,0,0,0,0,0,20181203,20191214
000506,0,0,0,0,0,0,0,20181203,20191214
000507,0,0,0,0,0,0,0,20181203,20191214
000508,0,0,0,0,0,0,0,20181203,20191214
000509,0,0,0,0,0,0,0,20181203,20191214
000510,0,0,0,0,0,0,0,20181203,20191214
000511,0,0,0,0,0,0,0,20181203,20191214
000512,0,0,0,0,0,0,0,20181203,20191214
000514,0,0,0,0,0,0,0,20181203,20191214
000517,0,0,0,0,0,0,0,20181203,20191214
000519,0,0,0,0,0,0,0,20181203,20191214
000520,0,0,0,0,0,0,0,20181203,20191214
000523,0,0,0,0,0,0,0,20181203,20191214
000525,0,0,0,0,0,0,0,20181203,20191214
000526,0,0,0,0,0,0,0,20181203,20191214
000527,0,0,0,0,0,0,0,20181203,20191214
000528,0,0,0,0,0,0,0,20181203,20191214
000529,0,0,0,0,0,0,0,20181203,20191214
000530,0,0,0,0,0,0,0,20181203,20191214
000531,0,0,0,0,0,0,0,20181203,20191214
000532,0,0,0,0,0,0,0,20181203,20191214
000533,0,0,0,0,0,0,0,20181203,20191214
000534,0,0,0,0,0,0,0,20181203,20191214
000535,0,0,0,0,0,0,0,20181203,20191214
000536,0,0,0,0,0,0,0,20181203,20191214
000537,0,0,0,0,0,0,0,20181203,20191214
000541,0,0,0,0,0,0,0,20181203,20191214
000543,0,0,0,0,0,0,0,20181203,20191214
000544,0,0,0,0,0,0,0,20181203,20191214
000545,0,0,0,0,0,0,0,20181203,20191214
000546,0,0,0,0,0,0,0,20181203,20191214
000548,0,0,0,0,0,0,0,20181203,20191214
000550,0,0,0,0,0,0,0,20181203,20191214
000551,0,0,0,0,0,0,0,20181203,20191214
000553,0,0,0,0,0,0,0,20181203,20191214
000555,0,0,0,0,0,0,0,20181203,20191214
000558,0,0,0,0,0,0,0,20181203,20191214
000560,0,0,0,0,0,0,0,20181203,20191214
000561,0,0,0,0,0,0,0,20181203,20191214
000562,0,0,0,0,0,0,0,20181203,20191214
000563,0,0,0,0,0,0,0,20181203,20191214
000564,0,0,0,0,0,0,0,20181203,20191214
000565,0,0,0,0,0,0,0,20181203,20191214
000566,0,0,0,0,0,0,0,20181203,20191214
000567,0,0,0,0,0,0,0,20181203,20191214
000568,0,0,0,0,0,0,0,20181203,20191214
000569,0,0,0,0,0,0,0,20181203,20191214
000570,0,0,0,0,0,0,0,20181203,20191214
000571,0,0,0,0,0,0,0,20181203,20191214
000572,0,0,0,0,0,0,0,20181203,20191214
000573,0,0,0,0,0,0,0,20181203,20191214
000574,0,0,0,0,0,0,0,20181203,20191214
000575,0,0,0,0,0,0,0,20181203,20191214
000576,0,0,0,0,0,0,0,20181203,20191214
000577,0,0,0,0,0,0,0,20181203,20191214
000578,0,0,0,0,0,0,0,20181203,20191214
000581,0,0,0,0,0,0,0,20181203,20191214
000583,0,0,0,0,0,0,0,20181203,20191214
000584,0,0,0,0,0,0,0,20181203,20191214
000585,0,0,0,0,0,0,0,20181203,20191214
000586,0,0,0,0,0,0,0,20181203,20191214
000587,0,0,0,0,0,0,0,20181203,20191214
000588,0,0,0,0,0,0,0,20181203,20191214
000590,0,0,0,0,0,0,0,20181203,20191214
000591,0,0,0,0,0,0,0,20181203,20191214
000592,0,0,0,0,0,0,0,20181203,20191214
000593,0,0,0,0,0,0,0,20181203,20191214
000594,0,0,0,0,0,0,0,20181203,20191214
000595,0,0,0,0,0,0,0,20181203,20191214
000596,0,0,0,0,0,0,0,20181203,20191214
000597,0,0,0,0,0,0,0,20181203,20191214
000598,0,0,0,0,0,0,0,20181203,20191214
000599,0,0,0,0,0,0,0,20181203,20191214
000600,0,0,0,0,0,0,0,20181203,20191214
000601,0,0,0,0,0,0,0,20181203,20191214
000602,0,0,0,0,0,0,0,20181203,20191214
000603,0,0,0,0,0,0,0,20181203,20191214
000604,0,0,0,0,0,0,0,20181203,20191214
000605,0,0,0,0,0,0,0,20181203,20191214
000606,0,0,0,0,0,0,0,20181203,20191214
000607,0,0,0,0,0,0,0,20181203,20191214
000608,0,0,0,0,0,0,0,20181203,20191214
000609,0,0,0,0,0,0,0,20181203,20191214
000610,0,0,0,0,0,0,0,20181203,20191214
000611,0,0,0,0,0,0,0,20181203,20191214
000612,0,0,0,0,0,0,0,20181203,20191214
000613,0,0,0,0,0,0,0,20181203,20191214
000614,0,0,0,0,0,0,0,20181203,20191214
000615,0,0,0,0,0,0,0,20181203,20191214
000616,0,0,0,0,0,0,0,20181203,20191214
000617,0,0,0,0,0,0,0,20181203,20191214
000618,0,0,0,0,0,0,0,20181203,20191214
000619,0,0,0,0,0,0,0,20181203,20191214
000620,0,0,0,0,0,0,0,20181203,20191214
000621,0,0,0,0,0,0,0,20181203,20191214
000622,0,0,0,0,0,0,0,20181203,20191214
000623,0,0,0,0,0,0,0,20181203,20191214
000624,0,0,0,0,0,0,0,20181203,20191214
000625,0,0,0,0,0,0,0,20181203,20191214
000626,0,0,0,0,0,0,0,20181203,20191214
000627,0,0,0,0,0,0,0,20181203,20191214
000628,0,0,0,0,0,0,0,20181203,20191214
000629,0,0,0,0,0,0,0,20181203,20191214
000630,0,0,0,0,0,0,0,20181203,20191214
000631,0,0,0,0,0,0,0,20181203,20191214
000632,0,0,0,0,0,0,0,20181203,20191214
000633,0,0,0,0,0,0,0,20181203,20191214
000636,0,0,0,0,0,0,0,20181203,20191214
000637,0,0,0,0,0,0,0,20181203,20191214
000638,0,0,0,0,0,0,0,20181203,20191214
000639,0,0,0,0,0,0,0,20181203,20191214
000640,0,0,0,0,0,0,0,20181203,20191214
000641,0,0,0,0,0,0,0,20181203,20191214
000642,0,0,0,0,0,0,0,20181203,20191214
000643,0,0,0,0,0,0,0,20181203,20191214
000644,0,0,0,0,0,0,0,20181203,20191214
000645,0,0,0,0,0,0,0,20181203,20191214
000646,0,0,0,0,0,0,0,20181203,20191214
000647,0,0,0,0,0,0,0,20181203,20191214
000648,0,0,0,0,0,0,0,20181203,20191214
000649,0,0,0,0,0,0,0,20181203,20191214
000650,0,0,0,0,0,0,0,20181203,20191214
000651,0,0,0,0,0,0,0,20181203,20191214
000652,0,0,0,0,0,0,0,20181203,20191214
000653,0,0,0,0,0,0,0,20181203,20191214
000654,0,0,0,0,0,0,0,20181203,20191214
000655,0,0,0,0,0,0,0,20181203,20191214
000656,0,0,0,0,0,0,0,20181203,20191214
000657,0,0,0,0,0,0,0,20181203,20191214
000658,0,0,0,0,0,0,0,20181203,20191214
000659,0,0,0,0,0,0,0,20181203,20191214
000660,0,0,0,0,0,0,0,20181203,20191214
000661,0,0,0,0,0,0,0,20181203,20191214
000662,0,0,0,0,0,0,0,20181203,20191214
000663,0,0,0,0,0,0,0,20181203,20191214
000664,0,0,0,0,0,0,0,20181203,20191214
000665,0,0,0,0,0,0,0,20181203,20191214
000666,0,0,0,0,0,0,0,20181203,20191214
000667,0,0,0,0,0,0,0,20181203,20191214
000668,0,0,0,0,0,0,0,20181203,20191214
000669,0,0,0,0,0,0,0,20181203,20191214
000670,0,0,0,0,0,0,0,20181203,20191214
000671,0,0,0,0,0,0,0,20181203,20191214
000672,0,0,0,0,0,0,0,20181203,20191214
000673,0,0,0,0,0,0,0,20181203,20191214
000674,0,0,0,0,0,0,0,20181203,20191214
000675,0,0,0,0,0,0,0,20181203,20191214
000676,0,0,0,0,0,0,0,20181203,20191214
000677,0,0,0,0,0,0,0,20181203,20191214
000678,0,0,0,0,0,0,0,20181203,20191214
000679,0,0,0,0,0,0,0,20181203,20191214
000680,0,0,0,0,0,0,0,20181203,20191214
000681,0,0,0,0,0,0,0,20181203,20191214
000682,0,0,0,0,0,0,0,20181203,20191214
000683,0,0,0,0,0,0,0,20181203,20191214
000684,0,0,0,0,0,0,0,20181203,20191214
000685,0,0,0,0,0,0,0,20181203,20191214
000686,0,0,0,0,0,0,0,20181203,20191214
000687,0,0,0,0,0,0,0,20181203,20191214
000688,0,0,0,0,0,0,0,20181203,20191214
000689,0,0,0,0,0,0,0,20181203,20191214
000690,0,0,0,0,0,0,0,20181203,20191214
000691,0,0,0,0,0,0,0,20181203,20191214
000692,0,0,0,0,0,0,0,20181203,20191214
000693,0,0,0,0,0,0,0,20181203,20191214
000694,0,0,0,0,0,0,0,20181203,20191214
000695,0,0,0,0,0,0,0,20181203,20191214
000696,0,0,0,0,0,0,0,20181203,20191214
000697,0,0,0,0,0,0,0,20181203,20191214
000698,0,0,0,0,0,0,0,20181203,20191214
000699,0,0,0,0,0,0,0,20181203,20191214
000700,0,0,0,0,0,0,0,20181203,20191214
000701,0,0,0,0,0,0,0,20181203,20191214
000702,0,0,0,0,0,0,0,20181203,20191214
000703,0,0,0,0,0,0,0,20181203,20191214
000704,0,0,0,0,0,0,0,20181203,20191214
000705,0,0,0,0,0,0,0,20181203,20191214
000706,0,0,0,0,0,0,0,20181203,20191214
000707,0,0,0,0,0,0,0,20181203,20191214
000708,0,0,0,0,0,0,0,20181203,20191214
000709,0,0,0,0,0,0,0,20181203,20191214
000710,0,0,0,0,0,0,0,20181203,20191214
000711,0,0,0,0,0,0,0,20181203,20191214
000712,0,0,0,0,0,0,0,20181203,20191214
000713,0,0,0,0,0,0,0,20181203,20191214
000714,0,0,0,0,0,0,0,20181203,20191214
000715,0,0,0,0,0,0,0,20181203,20191214
000716,0,0,0,0,0,0,0,20181203,20191214
000717,0,0,0,0,0,0,0,20181203,20191214
000718,0,0,0,0,0,0,0,20181203,20191214
000719,0,0,0,0,0,0,0,20181203,20191214
000720,0,0,0,0,0,0,0,20181203,20191214
000721,0,0,0,0,0,0,0,20181203,20191214
000722,0,0,0,0,0,0,0,20181203,20191214
000723,0,0,0,0,0,0,0,20181203,20191214
000724,0,0,0,0,0,0,0,20181203,20191214
000725,0,0,0,0,0,0,0,20181203,20191214
000726,0,0,0,0,0,0,0,20181203,20191214
000727,0,0,0,0,0,0,0,20181203,20191214
000728,0,0,0,0,0,0,0,20181203,20191214
000729,0,0,0,0,0,0,0,20181203,20191214
000730,0,0,0,0,0,0,0,20181203,20191214
000731,0,0,0,0,0,0,0,20181203,20191214
000732,0,0,0,0,0,0,0,20181203,20191214
000733,0,0,0,0,0,0,0,20181203,20191214
000734,0,0,0,0,0,0,0,20181203,20191214
000735,0,0,0,0,0,0,0,20181203,20191214
000736,0,0,0,0,0,0,0,20181203,20191214
000737,0,0,0,0,0,0,0,20181203,20191214
000738,0,0,0,0,0,0,0,20181203,20191214
000739,0,0,0,0,0,0,0,20181203,20191214
000740,0,0,0,0,0,0,0,20181203,20191214
000741,0,0,0,0,0,0,0,20181203,20191214
000742,0,0,0,0,0,0,0,20181203,20191214
000743,0,0,0,0,0,0,0,20181203,20191214
000744,0,0,0,0,0,0,0,20181203,20191214
000745,0,0,0,0,0,0,0,20181203,20191214
000746,0,0,0,0,0,0,0,20181203,20191214
000747,0,0,0,0,0,0,0,20181203,20191214
000748,0,0,0,0,0,0,0,20181203,20191214
000749,0,0,0,0,0,0,0,20181203,20191214
000750,0,0,0,0,0,0,0,20181203,20191214
000751,0,0,0,0,0,0,0,20181203,20191214
000752,0,0,0,0,0,0,0,20181203,20191214
000753,0,0,0,0,0,0,0,20181203,20191214
000754,0,0,0,0,0,0,0,20181203,20191214
000755,0,0,0,0,0,0,0,20181203,20191214
000756,0,0,0,0,0,0,0,20181203,20191214
000757,0,0,0,0,0,0,0,20181203,20191214
000758,0,0,0,0,0,0,0,20181203,20191214
000759,0,0,0,0,0,0,0,20181203,20191214
000760,0,0,0,0,0,0,0,20181203,20191214
000761,0,0,0,0,0,0,0,20181203,20191214
000762,0,0,0,0,0,0,0,20181203,20191214
000763,0,0,0,0,0,0,0,20181203,20191214
000764,0,0,0,0,0,0,0,20181203,20191214
000765,0,0,0,0,0,0,0,20181203,20191214
000766,0,0,0,0,0,0,0,20181203,20191214
000767,0,0,0,0,0,0,0,20181203,20191214
000768,0,0,0,0,0,0,0,20181203,20191214
000769,0,0,0,0,0,0,0,20181203,20191214
000770,0,0,0,0,0,0,0,20181203,20191214
000771,0,0,0,0,0,0,0,20181203,20191214
000772,0,0,0,0,0,0,0,20181203,20191214
000773,0,0,0,0,0,0,0,20181203,20191214
000774,0,0,0,0,0,0,0,20181203,20191214
000775,0,0,0,0,0,0,0,20181203,20191214
000776,0,0,0,0,0,0,0,20181203,20191214
000777,0,0,0,0,0,0,0,20181203,20191214
000778,0,0,0,0,0,0,0,20181203,20191214
000779,0,0,0,0,0,0,0,20181203,20191214
000780,0,0,0,0,0,0,0,20181203,20191214
000781,0,0,0,0,0,0,0,20181203,20191214
000782,0,0,0,0,0,0,0,20181203,20191214
000783,0,0,0,0,0,0,0,20181203,20191214
000784,0,0,0,0,0,0,0,20181203,20191214
000785,0,0,0,0,0,0,0,20181203,20191214
000786,0,0,0,0,0,0,0,20181203,20191214
000787,0,0,0,0,0,0,0,20181203,20191214
000788,0,0,0,0,0,0,0,20181203,20191214
000789,0,0,0,0,0,0,0,20181203,20191214
000791,0,0,0,0,0,0,0,20181203,20191214
000793,0,0,0,0,0,0,0,20181203,20191214
000794,0,0,0,0,0,0,0,20181203,20191214
000795,0,0,0,0,0,0,0,20181203,20191214
000796,0,0,0,0,0,0,0,20181203,20191214
000797,0,0,0,0,0,0,0,20181203,20191214
000798,0,0,0,0,0,0,0,20181203,20191214
000799,0,0,0,0,0,0,0,20181203,20191214
000800,0,0,0,0,0,0,0,20181203,20191214
000801,0,0,0,0,0,0,0,20181203,20191214
000802,0,0,0,0,0,0,0,20181203,20191214
000803,0,0,0,0,0,0,0,20181203,20191214
000804,0,0,0,0,0,0,0,20181203,20191214
000805,0,0,0,0,0,0,0,20181203,20191214
000806,0,0,0,0,0,0,0,20181203,20191214
000807,0,0,0,0,0,0,0,20181203,20191214
000808,0,0,0,0,0,0,0,20181203,20191214
000809,0,0,0,0,0,0,0,20181203,20191214
000810,0,0,0,0,0,0,0,20181203,20191214
000811,0,0,0,0,0,0,0,20181203,20191214
000812,0,0,0,0,0,0,0,20181203,20191214
000813,0,0,0,0,0,0,0,20181203,20191214
000814,0,0,0,0,0,0,0,20181203,20191214
000815,0,0,0,0,0,0,0,20181203,20191214
000816,0,0,0,0,0,0,0,20181203,20191214
000817,0,0,0,0,0,0,0,20181203,20191214
000818,0,0,0,0,0,0,0,20181203,20191214
000819,0,0,0,0,0,0,0,20181203,20191214
000820,0,0,0,0,0,0,0,20181203,20191214
000821,0,0,0,0,0,0,0,20181203,20191214
000822,0,0,0,0,0,0,0,20181203,20191214
000823,0,0,0,0,0,0,0,20181203,20191214
000824,0,0,0,0,0,0,0,20181203,20191214
000825,0,0,0,0,0,0,0,20181203,20191214
000826,0,0,0,0,0,0,0,20181203,20191214
000827,0,0,0,0,0,0,0,20181203,20191214
000828,0,0,0,0,0,0,0,20181203,20191214
000829,0,0,0,0,0,0,0,20181203,20191214
000830,0,0,0,0,0,0,0,20181203,20191214
000831,0,0,0,0,0,0,0,20181203,20191214
000832,0,0,0,0,0,0,0,20181203,20191214
000833,0,0,0,0,0,0,0,20181203,20191214
000834,0,0,0,0,0,0,0,20181203,20191214
000835,0,0,0,0,0,0,0,20181203,20191214
000836,0,0,0,0,0,0,0,20181203,20191214
000837,0,0,0,0,0,0,0,20181203,20191214
000838,0,0,0,0,0,0,0,20181203,20191214
000839,0,0,0,0,0,0,0,20181203,20191214
000840,0,0,0,0,0,0,0,20181203,20191214
000841,0,0,0,0,0,0,0,20181203,20191214
000842,0,0,0,0,0,0,0,20181203,20191214
000843,0,0,0,0,0,0,0,20181203,20191214
000844,0,0,0,0,0,0,0,20181203,20191214
000845,0,0,0,0,0,0,0,20181203,20191214
000846,0,0,0,0,0,0,0,20181203,20191214
000847,0,0,0,0,0,0,0,20181203,20191214
000848,0,0,0,0,0,0,0,20181203,20191214
000849,0,0,0,0,0,0,0,20181203,20191214
000850,0,0,0,0,0,0,0,20181203,20191214
000851,0,0,0,0,0,0,0,20181203,20191214
000852,0,0,0,0,0,0,0,20181203,20191214
000853,0,0,0,0,0,0,0,20181203,20191214
000854,0,0,0,0,0,0,0,20181203,20191214
000855,0,0,0,0,0,0,0,20181203,20191214
000856,0,0,0,0,0,0,0,20181203,20191214
000857,0,0,0,0,0,0,0,20181203,20191214
000858,0,0,0,0,0,0,0,20181203,20191214
000859,0,0,0,0,0,0,0,20181203,20191214
000860,0,0,0,0,0,0,0,20181203,20191214
000861,0,0,0,0,0,0,0,20181203,20191214
000862,0,0,0,0,0,0,0,20181203,20191214
000863,0,0,0,0,0,0,0,20181203,20191214
000864,0,0,0,0,0,0,0,20181203,20191214
000865,0,0,0,0,0,0,0,20181203,20191214
000866,0,0,0,0,0,0,0,20181203,20191214
000867,0,0,0,0,0,0,0,20181203,20191214
000868,0,0,0,0,0,0,0,20181203,20191214
000869,0,0,0,0,0,0,0,20181203,20191214
000870,0,0,0,0,0,0,0,20181203,20191214
000871,0,0,0,0,0,0,0,20181203,20191214
000872,0,0,0,0,0,0,0,20181203,20191214
000873,0,0,0,0,0,0,0,20181203,20191214
000874,0,0,0,0,0,0,0,20181203,20191214
000875,0,0,0,0,0,0,0,20181203,20191214
000876,0,0,0,0,0,0,0,20181203,20191214
000877,0,0,0,0,0,0,0,20181203,20191214
000878,0,0,0,0,0,0,0,20181203,20191214
000879,0,0,0,0,0,0,0,20181203,20191214
000880,0,0,0,0,0,0,0,20181203,20191214
000881,0,0,0,0,0,0,0,20181203,20191214
000882,0,0,0,0,0,0,0,20181203,20191214
000883,0,0,0,0,0,0,0,20181203,20191214
000884,0,0,0,0,0,0,0,20181203,20191214
000885,0,0,0,0,0,0,0,20181203,20191214
000886,0,0,0,0,0,0,0,20181203,20191214
000887,0,0,0,0,0,0,0,20181203,20191214
000888,0,0,0,0,0,0,0,20181203,20191214
000889,0,0,0,0,0,0,0,20181203,20191214
000890,0,0,0,0,0,0,0,20181203,20191214
000891,0,0,0,0,0,0,0,20181203,20191214
000892,0,0,0,0,0,0,0,20181203,20191214
000893,0,0,0,0,0,0,0,20181203,20191214
000894,0,0,0,0,0,0,0,20181203,20191214
000895,0,0,0,0,0,0,0,20181203,20191214
000896,0,0,0,0,0,0,0,20181203,20191214
000897,0,0,0,0,0,0,0,20181203,20191214
000898,0,0,0,0,0,0,0,20181203,20191214
000899,0,0,0,0,0,0,0,20181203,20191214
000900,0,0,0,0,0,0,0,20181203,20191214
000901,0,0,0,0,0,0,0,20181203,20191214
000902,0,0,0,0,0,0,0,20181203,20191214
000903,0,0,0,0,0,0,0,20181203,20191214
000904,0,0,0,0,0,0,0,20181203,20191214
000906,0,0,0,0,0,0,0,20181203,20191214
000907,0,0,0,0,0,0,0,20181203,20191214
000908,0,0,0,0,0,0,0,20181203,20191214
000909,0,0,0,0,0,0,0,20181203,20191214
000910,0,0,0,0,0,0,0,20181203,20191214
000911,0,0,0,0,0,0,0,20181203,20191214
000912,0,0,0,0,0,0,0,20181203,20191214
000913,0,0,0,0,0,0,0,20181203,20191214
000914,0,0,0,0,0,0,0,20181203,20191214
000915,0,0,0,0,0,0,0,20181203,20191214
000916,0,0,0,0,0,0,0,20181203,20191214
000917,0,0,0,0,0,0,0,20181203,20191214
000918,0,0,0,0,0,0,0,20181203,20191214
000919,0,0,0,0,0,0,0,20181203,20191214
000920,0,0,0,0,0,0,0,20181203,20191214
000921,0,0,0,0,0,0,0,20181203,20191214
000922,0,0,0,0,0,0,0,20181203,20191214
000923,0,0,0,0,0,0,0,20181203,20191214
000924,0,0,0,0,0,0,0,20181203,20191214
000925,0,0,0,0,0,0,0,20181203,20191214
000926,0,0,0,0,0,0,0,20181203,20191214
000927,0,0,0,0,0,0,0,20181203,20191214
000928,0,0,0,0,0,0,0,20181203,20191214
000929,0,0,0,0,0,0,0,20181203,20191214
000930,0,0,0,0,0,0,0,20181203,20191214
000931,0,0,0,0,0,0,0,20181203,20191214
000932,0,0,0,0,0,0,0,20181203,20191214
000933,0,0,0,0,0,0,0,20181203,20191214
000934,0,0,0,0,0,0,0,20181203,20191214
000935,0,0,0,0,0,0,0,20181203,20191214
000936,0,0,0,0,0,0,0,20181203,20191214
000937,0,0,0,0,0,0,0,20181203,20191214
000939,0,0,0,0,0,0,0,20181203,20191214
000940,0,0,0,0,0,0,0,20181203,20191214
000941,0,0,0,0,0,0,0,20181203,20191214
000942,0,0,0,0,0,0,0,20181203,20191214
000943,0,0,0,0,0,0,0,20181203,20191214
000944,0,0,0,0,0,0,0,20181203,20191214
000945,0,0,0,0,0,0,0,20181203,20191214
000946,0,0,0,0,0,0,0,20181203,20191214
000947,0,0,0,0,0,0,0,20181203,20191214
000948,0,0,0,0,0,0,0,20181203,20191214
000949,0,0,0,0,0,0,0,20181203,20191214
000950,0,0,0,0,0,0,0,20181203,20191214
000951,0,0,0,0,0,0,0,20181203,20191214
000952,0,0,0,0,0,0,0,20181203,20191214
000953,0,0,0,0,0,0,0,20181203,20191214
000954,0,0,0,0,0,0,0,20181203,20191214
000955,0,0,0,0,0,0,0,20181203,20191214
000956,0,0,0,0,0,0,0,20181203,20191214
000957,0,0,0,0,0,0,0,20181203,20191214
000958,0,0,0,0,0,0,0,20181203,20191214
000959,0,0,0,0,0,0,0,20181203,20191214
000960,0,0,0,0,0,0,0,20181203,20191214
000961,0,0,0,0,0,0,0,20181203,20191214
000962,0,0,0,0,0,0,0,20181203,20191214
000963,0,0,0,0,0,0,0,20181203,20191214
000964,0,0,0,0,0,0,0,20181203,20191214
000965,0,0,0,0,0,0,0,20181203,20191214
000966,0,0,0,0,0,0,0,20181203,20191214
000967,0,0,0,0,0,0,0,20181203,20191214
000968,0,0,0,0,0,0,0,20181203,20191214
000969,0,0,0,0,0,0,0,20181203,20191214
000970,0,0,0,0,0,0,0,20181203,20191214
000971,0,0,0,0,0,0,0,20181203,20191214
000972,0,0,0,0,0,0,0,20181203,20191214
000973,0,0,0,0,0,0,0,20181203,20191214
000974,0,0,0,0,0,0,0,20181203,20191214
000975,0,0,0,0,0,0,0,20181203,20191214
000976,0,0,0,0,0,0,0,20181203,20191214
000977,0,0,0,0,0,0,0,20181203,20191214
000978,0,0,0,0,0,0,0,20181203,20191214
000979,0,0,0,0,0,0,0,20181203,20191214
000980,0,0,0,0,0,0,0,20181203,20191214
000981,0,0,0,0,0,0,0,20181203,20191214
000982,0,0,0,0,0,0,0,20181203,20191214
000983,0,0,0,0,0,0,0,20181203,20191214
000984,0,0,0,0,0,0,0,20181203,20191214
000985,0,0,0,0,0,0,0,20181203,20191214
000987,0,0,0,0,0,0,0,20181203,20191214
000988,0,0,0,0,0,0,0,20181203,20191214
000989,0,0,0,0,0,0,0,20181203,20191214
000990,0,0,0,0,0,0,0,20181203,20191214
000991,0,0,0,0,0,0,0,20181203,20191214
000992,0,0,0,0,0,0,0,20181203,20191214
000993,0,0,0,0,0,0,0,20181203,20191214
000994,0,0,0,0,0,0,0,20181203,20191214
000995,0,0,0,0,0,0,0,20181203,20191214
000996,0,0,0,0,0,0,0,20181203,20191214
000997,0,0,0,0,0,0,0,20181203,20191214
000998,0,0,0,0,0,0,0,20181203,20191214
000999,0,0,0,0,0,0,0,20181203,20191214
001000,0,0,0,0,0,0,0,20181203,20191214
001001,0,0,0,0,0,0,0,20181203,20191214
001002,0,0,0,0,0,0,0,20181203,20191214
001003,0,0,0,0,0,0,0,20181203,20191214
001004,0,0,0,0,0,0,0,20181203,20191214
001005,0,0,0,0,0,0,0,20181203,20191214
001006,0,0,0,0,0,0,0,20181203,20191214
001007,0,0,0,0,0,0,0,20181203,20191214
001008,0,0,0,0,0,0,0,20181203,20191214
001009,0,0,0,0,0,0,0,20181203,20191214
001011,0,0,0,0,0,0,0,20181203,20191214
001012,0,0,0,0,0,0,0,20181203,20191214
001013,0,0,0,0,0,0,0,20181203,20191214
001014,0,0,0,0,0,0,0,20181203,20191214
001015,0,0,0,0,0,0,0,20181203,20191214
001016,0,0,0,0,0,0,0,20181203,20191214
001017,0,0,0,0,0,0,0,20181203,20191214
001018,0,0,0,0,0,0,0,20181203,20191214
001019,0,0,0,0,0,0,0,20181203,20191214
001020,0,0,0,0,0,0,0,20181203,20191214
001021,0,0,0,0,0,0,0,20181203,20191214
001022,0,0,0,0,0,0,0,20181203,20191214
001023,0,0,0,0,0,0,0,20181203,20191214
001024,0,0,0,0,0,0,0,20181203,20191214
001025,0,0,0,0,0,0,0,20181203,20191214
001026,0,0,0,0,0,0,0,20181203,20191214
001027,0,0,0,0,0,0,0,20181203,20191214
001028,0,0,0,0,0,0,0,20181203,20191214
001029,0,0,0,0,0,0,0,20181203,20191214
001030,0,0,0,0,0,0,0,20181203,20191214
001031,0,0,0,0,0,0,0,20181203,20191214
001032,0,0,0,0,0,0,0,20181203,20191214
001033,0,0,0,0,0,0,0,20181203,20191214
001034,0,0,0,0,0,0,0,20181203,20191214
001035,0,0,0,0,0,0,0,20181203,20191214
001036,0,0,0,0,0,0,0,20181203,20191214
001037,0,0,0,0,0,0,0,20181203,20191214
001038,0,0,0,0,0,0,0,20181203,20191214
001039,0,0,0,0,0,0,0,20181203,20191214
001040,0,0,0,0,0,0,0,20181203,20191214
001041,0,0,0,0,0,0,0,20181203,20191214
001042,0,0,0,0,0,0,0,20181203,20191214
001043,0,0,0,0,0,0,0,20181203,20191214
001044,0,0,0,0,0,0,0,20181203,20191214
001045,0,0,0,0,0,0,0,20181203,20191214
001046,0,0,0,0,0,0,0,20181203,20191214
001047,0,0,0,0,0,0,0,20181203,20191214
001048,0,0,0,0,0,0,0,20181203,20191214
001049,0,0,0,0,0,0,0,20181203,20191214
001050,0,0,0,0,0,0,0,20181203,20191214
001051,0,0,0,0,0,0,0,20181203,20191214
001052,0,0,0,0,0,0,0,20181203,20191214
001053,0,0,0,0,0,0,0,20181203,20191214
001054,0,0,0,0,0,0,0,20181203,20191214
001055,0,0,0,0,0,0,0,20181203,20191214
001056,0,0,0,0,0,0,0,20181203,20191214
001057,0,0,0,0,0,0,0,20181203,20191214
001058,0,0,0,0,0,0,0,20181203,20191214
001059,0,0,0,0,0,0,0,20181203,20191214
001060,0,0,0,0,0,0,0,20181203,20191214
001061,0,0,0,0,0,0,0,20181203,20191214
001062,0,0,0,0,0,0,0,20181203,20191214
001063,0,0,0,0,0,0,0,20181203,20191214
001064,0,0,0,0,0,0,0,20181203,20191214
001065,0,0,0,0,0,0,0,20181203,20191214
001066,0,0,0,0,0,0,0,20181203,20191214
001067,0,0,0,0,0,0,0,20181203,20191214
001068,0,0,0,0,0,0,0,20181203,20191214
001069,0,0,0,0,0,0,0,20181203,20191214
001070,0,0,0,0,0,0,0,20181203,20191214
001071,0,0,0,0,0,0,0,20181203,20191214
001072,0,0,0,0,0,0,0,20181203,20191214
001073,0,0,0,0,0,0,0,20181203,20191214
001074,0,0,0,0,0,0,0,20181203,20191214
001075,0,0,0,0,0,0,0,20181203,20191214
001076,0,0,0,0,0,0,0,20181203,20191214
001077,0,0,0,0,0,0,0,20181203,20191214
001078,0,0,0,0,0,0,0,20181203,20191214
001080,0,0,0,0,0,0,0,20181203,20191214
001081,0,0,0,0,0,0,0,20181203,20191214
001082,0,0,0,0,0,0,0,20181203,20191214
001083,0,0,0,0,0,0,0,20181203,20191214
001084,0,0,0,0,0,0,0,20181203,20191214
001085,0,0,0,0,0,0,0,20181203,20191214
001086,0,0,0,0,0,0,0,20181203,20191214
001087,0,0,0,0,0,0,0,20181203,20191214
001088,0,0,0,0,0,0,0,20181203,20191214
001089,0,0,0,0,0,0,0,20181203,20191214
001090,0,0,0,0,0,0,0,20181203,20191214
001091,0,0,0,0,0,0,0,20181203,20191214
001092,0,0,0,0,0,0,0,20181203,20191214
001094,0,0,0,0,0,0,0,20181203,20191214
001095,0,0,0,0,0,0,0,20181203,20191214
001096,0,0,0,0,0,0,0,20181203,20191214
001097,0,0,0,0,0,0,0,20181203,20191214
001098,0,0,0,0,0,0,0,20181203,20191214
001099,0,0,0,0,0,0,0,20181203,20191214
001100,0,0,0,0,0,0,0,20181203,20191214
001101,0,0,0,0,0,0,0,20181203,20191214
001102,0,0,0,0,0,0,0,20181203,20191214
001103,0,0,0,0,0,0,0,20181203,20191214
001104,0,0,0,0,0,0,0,20181203,20191214
001105,0,0,0,0,0,0,0,20181203,20191214
001106,0,0,0,0,0,0,0,20181203,20191214
001107,0,0,0,0,0,0,0,20181203,20191214
001108,0,0,0,0,0,0,0,20181203,20191214
001109,0,0,0,0,0,0,0,20181203,20191214
001110,0,0,0,0,0,0,0,20181203,20191214
001111,0,0,0,0,0,0,0,20181203,20191214
001113,0,0,0,0,0,0,0,20181203,20191214
001114,0,0,0,0,0,0,0,20181203,20191214
001115,0,0,0,0,0,0,0,20181203,20191214
001116,0,0,0,0,0,0,0,20181203,20191214
001117,0,0,0,0,0,0,0,20181203,20191214
001118,0,0,0,0,0,0,0,20181203,20191214
001119,0,0,0,0,0,0,0,20181203,20191214
001120,0,0,0,0,0,0,0,20181203,20191214
001121,0,0,0,0,0,0,0,20181203,20191214
001122,0,0,0,0,0,0,0,20181203,20191214
001123,0,0,0,0,0,0,0,20181203,20191214
001124,0,0,0,0,0,0,0,20181203,20191214
001125,0,0,0,0,0,0,0,20181203,20191214
001126,0,0,0,0,0,0,0,20181203,20191214
001127,0,0,0,0,0,0,0,20181203,20191214
001128,0,0,0,0,0,0,0,20181203,20191214
001129,0,0,0,0,0,0,0,20181203,20191214
001130,0,0,0,0,0,0,0,20181203,20191214
001131,0,0,0,0,0,0,0,20181203,20191214
001132,0,0,0,0,0,0,0,20181203,20191214
001133,0,0,0,0,0,0,0,20181203,20191214
001134,0,0,0,0,0,0,0,20181203,20191214
001135,0,0,0,0,0,0,0,20181203,20191214
001136,0,0,0,0,0,0,0,20181203,20191214
001137,0,0,0,0,0,0,0,20181203,20191214
001138,0,0,0,0,0,0,0,20181203,20191214
001139,0,0,0,0,0,0,0,20181203,20191214
001140,0,0,0,0,0,0,0,20181203,20191214
001141,0,0,0,0,0,0,0,20181203,20191214
001142,0,0,0,0,0,0,0,20181203,20191214
001143,0,0,0,0,0,0,0,20181203,20191214
001144,0,0,0,0,0,0,0,20181203,20191214
001145,0,0,0,0,0,0,0,20181203,20191214
001146,0,0,0,0,0,0,0,20181203,20191214
001147,0,0,0,0,0,0,0,20181203,20191214
001148,0,0,0,0,0,0,0,20181203,20191214
001149,0,0,0,0,0,0,0,20181203,20191214
001150,0,0,0,0,0,0,0,20181203,20191214
001151,0,0,0,0,0,0,0,20181203,20191214
001152,0,0,0,0,0,0,0,20181203,20191214
001153,0,0,0,0,0,0,0,20181203,20191214
001154,0,0,0,0,0,0,0,20181203,20191214
001155,0,0,0,0,0,0,0,20181203,20191214
001156,0,0,0,0,0,0,0,20181203,20191214
001157,0,0,0,0,0,0,0,20181203,20191214
001158,0,0,0,0,0,0,0,20181203,20191214
001159,0,0,0,0,0,0,0,20181203,20191214
001160,0,0,0,0,0,0,0,20181203,20191214
001161,0,0,0,0,0,0,0,20181203,20191214
001162,0,0,0,0,0,0,0,20181203,20191214
001163,0,0,0,0,0,0,0,20181203,20191214
001164,0,0,0,0,0,0,0,20181203,20191214
001165,0,0,0,0,0,0,0,20181203,20191214
001166,0,0,0,0,0,0,0,20181203,20191214
001167,0,0,0,0,0,0,0,20181203,20191214
001168,0,0,0,0,0,0,0,20181203,20191214
001169,0,0,0,0,0,0,0,20181203,20191214
001170,0,0,0,0,0,0,0,20181203,20191214
001171,0,0,0,0,0,0,0,20181203,20191214
001172,0,0,0,0,0,0,0,20181203,20191214
001173,0,0,0,0,0,0,0,20181203,20191214
001174,0,0,0,0,0,0,0,20181203,20191214
001175,0,0,0,0,0,0,0,20181203,20191214
001176,0,0,0,0,0,0,0,20181203,20191214
001177,0,0,0,0,0,0,0,20181203,20191214
001178,0,0,0,0,0,0,0,20181203,20191214
001179,0,0,0,0,0,0,0,20181203,20191214
001180,0,0,0,0,0,0,0,20181203,20191214
001181,0,0,0,0,0,0,0,20181203,20191214
001182,0,0,0,0,0,0,0,20181203,20191214
001183,0,0,0,0,0,0,0,20181203,20191214
001184,0,0,0,0,0,0,0,20181203,20191214
001185,0,0,0,0,0,0,0,20181203,20191214
001186,0,0,0,0,0,0,0,20181203,20191214
001187,0,0,0,0,0,0,0,20181203,20191214
001188,0,0,0,0,0,0,0,20181203,20191214
001189,0,0,0,0,0,0,0,20181203,20191214
001190,0,0,0,0,0,0,0,20181203,20191214
001191,0,0,0,0,0,0,0,20181203,20191214
001192,0,0,0,0,0,0,0,20181203,20191214
001193,0,0,0,0,0,0,0,20181203,20191214
001194,0,0,0,0,0,0,0,20181203,20191214
001195,0,0,0,0,0,0,0,20181203,20191214
001196,0,0,0,0,0,0,0,20181203,20191214
001197,0,0,0,0,0,0,0,20181203,20191214
001198,0,0,0,0,0,0,0,20181203,20191214
001199,0,0,0,0,0,0,0,20181203,20191214
001200,0,0,0,0,0,0,0,20181203,20191214
001201,0,0,0,0,0,0,0,20181203,20191214
001202,0,0,0,0,0,0,0,20181203,20191214
001203,0,0,0,0,0,0,0,20181203,20191214
001204,0,0,0,0,0,0,0,20181203,20191214
001205,0,0,0,0,0,0,0,20181203,20191214
001206,0,0,0,0,0,0,0,20181203,20191214
001207,0,0,0,0,0,0,0,20181203,20191214
001208,0,0,0,0,0,0,0,20181203,20191214
001209,0,0,0,0,0,0,0,20181203,20191214
001210,0,0,0,0,0,0,0,20181203,20191214
001212,0,0,0,0,0,0,0,20181203,20191214
001213,0,0,0,0,0,0,0,20181203,20191214
001214,0,0,0,0,0,0,0,20181203,20191214
001215,0,0,0,0,0,0,0,20181203,20191214
001216,0,0,0,0,0,0,0,20181203,20191214
001217,0,0,0,0,0,0,0,20181203,20191214
001218,0,0,0,0,0,0,0,20181203,20191214
001219,0,0,0,0,0,0,0,20181203,20191214
001220,0,0,0,0,0,0,0,20181203,20191214
001221,0,0,0,0,0,0,0,20181203,20191214
001222,0,0,0,0,0,0,0,20181203,20191214
001223,0,0,0,0,0,0,0,20181203,20191214
001224,0,0,0,0,0,0,0,20181203,20191214
001225,0,0,0,0,0,0,0,20181203,20191214
001226,0,0,0,0,0,0,0,20181203,20191214
001227,0,0,0,0,0,0,0,20181203,20191214
001228,0,0,0,0,0,0,0,20181203,20191214
001229,0,0,0,0,0,0,0,20181203,20191214
001230,0,0,0,0,0,0,0,20181203,20191214
001231,0,0,0,0,0,0,0,20181203,20191214
001232,0,0,0,0,0,0,0,20181203,20191214
001233,0,0,0,0,0,0,0,20181203,20191214
001234,0,0,0,0,0,0,0,20181203,20191214
001235,0,0,0,0,0,0,0,20181203,20191214
001236,0,0,0,0,0,0,0,20181203,20191214
001237,0,0,0,0,0,0,0,20181203,20191214
001238,0,0,0,0,0,0,0,20181203,20191214
001239,0,0,0,0,0,0,0,20181203,20191214
001240,0,0,0,0,0,0,0,20181203,20191214
001241,0,0,0,0,0,0,0,20181203,20191214
001242,0,0,0,0,0,0,0,20181203,20191214
001243,0,0,0,0,0,0,0,20181203,20191214
001244,0,0,0,0,0,0,0,20181203,20191214
001246,0,0,0,0,0,0,0,20181203,20191214
001247,0,0,0,0,0,0,0,20181203,20191214
001248,0,0,0,0,0,0,0,20181203,20191214
001249,0,0,0,0,0,0,0,20181203,20191214
001250,0,0,0,0,0,0,0,20181203,20191214
001251,0,0,0,0,0,0,0,20181203,20191214
001252,0,0,0,0,0,0,0,20181203,20191214
001253,0,0,0,0,0,0,0,20181203,20191214
001254,0,0,0,0,0,0,0,20181203,20191214
001256,0,0,0,0,0,0,0,20181203,20191214
001257,0,0,0,0,0,0,0,20181203,20191214
001258,0,0,0,0,0,0,0,20181203,20191214
001259,0,0,0,0,0,0,0,20181203,20191214
001260,0,0,0,0,0,0,0,20181203,20191214
001261,0,0,0,0,0,0,0,20181203,20191214
001262,0,0,0,0,0,0,0,20181203,20191214
001263,0,0,0,0,0,0,0,20181203,20191214
001264,0,0,0,0,0,0,0,20181203,20191214
001265,0,0,0,0,0,0,0,20181203,20191214
001266,0,0,0,0,0,0,0,20181203,20191214
001267,0,0,0,0,0,0,0,20181203,20191214
001268,0,0,0,0,0,0,0,20181203,20191214
001269,0,0,0,0,0,0,0,20181203,20191214
001270,0,0,0,0,0,0,0,20181203,20191214
001271,0,0,0,0,0,0,0,20181203,20191214
001272,0,0,0,0,0,0,0,20181203,20191214
001273,0,0,0,0,0,0,0,20181203,20191214
001274,0,0,0,0,0,0,0,20181203,20191214
001275,0,0,0,0,0,0,0,20181203,20191214
001276,0,0,0,0,0,0,0,20181203,20191214
001277,0,0,0,0,0,0,0,20181203,20191214
001278,0,0,0,0,0,0,0,20181203,20191214
001279,0,0,0,0,0,0,0,20181203,20191214
001280,0,0,0,0,0,0,0,20181203,20191214
001281,0,0,0,0,0,0,0,20181203,20191214
001282,0,0,0,0,0,0,0,20181203,20191214
001283,0,0,0,0,0,0,0,20181203,20191214
001284,0,0,0,0,0,0,0,20181203,20191214
001285,0,0,0,0,0,0,0,20181203,20191214
001286,0,0,0,0,0,0,0,20181203,20191214
001287,0,0,0,0,0,0,0,20181203,20191214
001289,0,0,0,0,0,0,0,20181203,20191214
001290,0,0,0,0,0,0,0,20181203,20191214
001291,0,0,0,0,0,0,0,20181203,20191214
001292,0,0,0,0,0,0,0,20181203,20191214
001293,0,0,0,0,0,0,0,20181203,20191214
001294,0,0,0,0,0,0,0,20181203,20191214
001295,0,0,0,0,0,0,0,20181203,20191214
001296,0,0,0,0,0,0,0,20181203,20191214
001297,0,0,0,0,0,0,0,20181203,20191214
001298,0,0,0,0,0,0,0,20181203,20191214
001299,0,0,0,0,0,0,0,20181203,20191214
001300,0,0,0,0,0,0,0,20181203,20191214
001301,0,0,0,0,0,0,0,20181203,20191214
001302,0,0,0,0,0,0,0,20181203,20191214
001303,0,0,0,0,0,0,0,20181203,20191214
001304,0,0,0,0,0,0,0,20181203,20191214
001305,0,0,0,0,0,0,0,20181203,20191214
001306,0,0,0,0,0,0,0,20181203,20191214
001307,0,0,0,0,0,0,0,20181203,20191214
001308,0,0,0,0,0,0,0,20181203,20191214
001309,0,0,0,0,0,0,0,20181203,20191214
001311,0,0,0,0,0,0,0,20181203,20191214
001312,0,0,0,0,0,0,0,20181203,20191214
001313,0,0,0,0,0,0,0,20181203,20191214
001314,0,0,0,0,0,0,0,20181203,20191214
001316,0,0,0,0,0,0,0,20181203,20191214
001317,0,0,0,0,0,0,0,20181203,20191214
001318,0,0,0,0,0,0,0,20181203,20191214
001319,0,0,0,0,0,0,0,20181203,20191214
001320,0,0,0,0,0,0,0,20181203,20191214
001321,0,0,0,0,0,0,0,20181203,20191214
001322,0,0,0,0,0,0,0,20181203,20191214
001323,0,0,0,0,0,0,0,20181203,20191214
001324,0,0,0,0,0,0,0,20181203,20191214
001325,0,0,0,0,0,0,0,20181203,20191214
001326,0,0,0,0,0,0,0,20181203,20191214
001327,0,0,0,0,0,0,0,20181203,20191214
001328,0,0,0,0,0,0,0,20181203,20191214
001329,0,0,0,0,0,0,0,20181203,20191214
001330,0,0,0,0,0,0,0,20181203,20191214
001331,0,0,0,0,0,0,0,20181203,20191214
001332,0,0,0,0,0,0,0,20181203,20191214
001333,0,0,0,0,0,0,0,20181203,20191214
001334,0,0,0,0,0,0,0,20181203,20191214
001335,0,0,0,0,0,0,0,20181203,20191214
001336,0,0,0,0,0,0,0,20181203,20191214
001337,0,0,0,0,0,0,0,20181203,20191214
001338,0,0,0,0,0,0,0,20181203,20191214
001339,0,0,0,0,0,0,0,20181203,20191214
001340,0,0,0,0,0,0,0,20181203,20191214
001341,0,0,0,0,0,0,0,20181203,20191214
001342,0,0,0,0,0,0,0,20181203,20191214
001343,0,0,0,0,0,0,0,20181203,20191214
001344,0,0,0,0,0,0,0,20181203,20191214
001345,0,0,0,0,0,0,0,20181203,20191214
001346,0,0,0,0,0,0,0,20181203,20191214
001347,0,0,0,0,0,0,0,20181203,20191214
001348,0,0,0,0,0,0,0,20181203,20191214
001349,0,0,0,0,0,0,0,20181203,20191214
001350,0,0,0,0,0,0,0,20181203,20191214
001351,0,0,0,0,0,0,0,20181203,20191214
001352,0,0,0,0,0,0,0,20181203,20191214
001353,0,0,0,0,0,0,0,20181203,20191214
001354,0,0,0,0,0,0,0,20181203,20191214
001355,0,0,0,0,0,0,0,20181203,20191214
001356,0,0,0,0,0,0,0,20181203,20191214
001357,0,0,0,0,0,0,0,20181203,20191214
001358,0,0,0,0,0,0,0,20181203,20191214
001359,0,0,0,0,0,0,0,20181203,20191214
001360,0,0,0,0,0,0,0,20181203,20191214
001361,0,0,0,0,0,0,0,20181203,20191214
001363,0,0,0,0,0,0,0,20181203,20191214
001364,0,0,0,0,0,0,0,20181203,20191214
001365,0,0,0,0,0,0,0,20181203,20191214
001366,0,0,0,0,0,0,0,20181203,20191214
001367,0,0,0,0,0,0,0,20181203,20191214
001368,0,0,0,0,0,0,0,20181203,20191214
001369,0,0,0,0,0,0,0,20181203,20191214
001370,0,0,0,0,0,0,0,20181203,20191214
001371,0,0,0,0,0,0,0,20181203,20191214
001372,0,0,0,0,0,0,0,20181203,20191214
001374,0,0,0,0,0,0,0,20181203,20191214
001375,0,0,0,0,0,0,0,20181203,20191214
001376,0,0,0,0,0,0,0,20181203,20191214
001377,0,0,0,0,0,0,0,20181203,20191214
001378,0,0,0,0,0,0,0,20181203,20191214
001379,0,0,0,0,0,0,0,20181203,20191214
001380,0,0,0,0,0,0,0,20181203,20191214
001381,0,0,0,0,0,0,0,20181203,20191214
001382,0,0,0,0,0,0,0,20181203,20191214
001383,0,0,0,0,0,0,0,20181203,20191214
001384,0,0,0,0,0,0,0,20181203,20191214
001385,0,0,0,0,0,0,0,20181203,20191214
001386,0,0,0,0,0,0,0,20181203,20191214
001387,0,0,0,0,0,0,0,20181203,20191214
001388,0,0,0,0,0,0,0,20181203,20191214
001389,0,0,0,0,0,0,0,20181203,20191214
001390,0,0,0,0,0,0,0,20181203,20191214
001391,0,0,0,0,0,0,0,20181203,20191214
001392,0,0,0,0,0,0,0,20181203,20191214
001393,0,0,0,0,0,0,0,20181203,20191214
001394,0,0,0,0,0,0,0,20181203,20191214
001395,0,0,0,0,0,0,0,20181203,20191214
001396,0,0,0,0,0,0,0,20181203,20191214
001397,0,0,0,0,0,0,0,20181203,20191214
001398,0,0,0,0,0,0,0,20181203,20191214
001399,0,0,0,0,0,0,0,20181203,20191214
001400,0,0,0,0,0,0,0,20181203,20191214
001401,0,0,0,0,0,0,0,20181203,20191214
001402,0,0,0,0,0,0,0,20181203,20191214
001403,0,0,0,0,0,0,0,20181203,20191214
001404,0,0,0,0,0,0,0,20181203,20191214
001405,0,0,0,0,0,0,0,20181203,20191214
001406,0,0,0,0,0,0,0,20181203,20191214
001407,0,0,0,0,0,0,0,20181203,20191214
001409,0,0,0,0,0,0,0,20181203,20191214
001410,0,0,0,0,0,0,0,20181203,20191214
001411,0,0,0,0,0,0,0,20181203,20191214
001412,0,0,0,0,0,0,0,20181203,20191214
001413,0,0,0,0,0,0,0,20181203,20191214
001414,0,0,0,0,0,0,0,20181203,20191214
001415,0,0,0,0,0,0,0,20181203,20191214
001416,0,0,0,0,0,0,0,20181203,20191214
001417,0,0,0,0,0,0,0,20181203,20191214
001418,0,0,0,0,0,0,0,20181203,20191214
001419,0,0,0,0,0,0,0,20181203,20191214
001420,0,0,0,0,0,0,0,20181203,20191214
001421,0,0,0,0,0,0,0,20181203,20191214
001422,0,0,0,0,0,0,0,20181203,20191214
001423,0,0,0,0,0,0,0,20181203,20191214
001424,0,0,0,0,0,0,0,20181203,20191214
001425,0,0,0,0,0,0,0,20181203,20191214
001427,0,0,0,0,0,0,0,20181203,20191214
001428,0,0,0,0,0,0,0,20181203,20191214
001429,0,0,0,0,0,0,0,20181203,20191214
001430,0,0,0,0,0,0,0,20181203,20191214
001431,0,0,0,0,0,0,0,20181203,20191214
001432,0,0,0,0,0,0,0,20181203,20191214
001433,0,0,0,0,0,0,0,20181203,20191214
001434,0,0,0,0,0,0,0,20181203,20191214
001435,0,0,0,0,0,0,0,20181203,20191214
001436,0,0,0,0,0,0,0,20181203,20191214
001437,0,0,0,0,0,0,0,20181203,20191214
001438,0,0,0,0,0,0,0,20181203,20191214
001439,0,0,0,0,0,0,0,20181203,20191214
001440,0,0,0,0,0,0,0,20181203,20191214
001441,0,0,0,0,0,0,0,20181203,20191214
001442,0,0,0,0,0,0,0,20181203,20191214
001443,0,0,0,0,0,0,0,20181203,20191214
001444,0,0,0,0,0,0,0,20181203,20191214
001445,0,0,0,0,0,0,0,20181203,20191214
001448,0,0,0,0,0,0,0,20181203,20191214
001449,0,0,0,0,0,0,0,20181203,20191214
001450,0,0,0,0,0,0,0,20181203,20191214
001451,0,0,0,0,0,0,0,20181203,20191214
001452,0,0,0,0,0,0,0,20181203,20191214
001453,0,0,0,0,0,0,0,20181203,20191214
001454,0,0,0,0,0,0,0,20181203,20191214
001455,0,0,0,0,0,0,0,20181203,20191214
001456,0,0,0,0,0,0,0,20181203,20191214
001457,0,0,0,0,0,0,0,20181203,20191214
001458,0,0,0,0,0,0,0,20181203,20191214
001459,0,0,0,0,0,0,0,20181203,20191214
001460,0,0,0,0,0,0,0,20181203,20191214
001461,0,0,0,0,0,0,0,20181203,20191214
001462,0,0,0,0,0,0,0,20181203,20191214
001463,0,0,0,0,0,0,0,20181203,20191214
001464,0,0,0,0,0,0,0,20181203,20191214
001465,0,0,0,0,0,0,0,20181203,20191214
001466,0,0,0,0,0,0,0,20181203,20191214
001467,0,0,0,0,0,0,0,20181203,20191214
001468,0,0,0,0,0,0,0,20181203,20191214
001469,0,0,0,0,0,0,0,20181203,20191214
001470,0,0,0,0,0,0,0,20181203,20191214
001471,0,0,0,0,0,0,0,20181203,20191214
001472,0,0,0,0,0,0,0,20181203,20191214
001474,0,0,0,0,0,0,0,20181203,20191214
001475,0,0,0,0,0,0,0,20181203,20191214
001476,0,0,0,0,0,0,0,20181203,20191214
001477,0,0,0,0,0,0,0,20181203,20191214
001478,0,0,0,0,0,0,0,20181203,20191214
001479,0,0,0,0,0,0,0,20181203,20191214
001480,0,0,0,0,0,0,0,20181203,20191214
001481,0,0,0,0,0,0,0,20181203,20191214
001482,0,0,0,0,0,0,0,20181203,20191214
001483,0,0,0,0,0,0,0,20181203,20191214
001484,0,0,0,0,0,0,0,20181203,20191214
001485,0,0,0,0,0,0,0,20181203,20191214
001486,0,0,0,0,0,0,0,20181203,20191214
001487,0,0,0,0,0,0,0,20181203,20191214
001488,0,0,0,0,0,0,0,20181203,20191214
001489,0,0,0,0,0,0,0,20181203,20191214
001490,0,0,0,0,0,0,0,20181203,20191214
001491,0,0,0,0,0,0,0,20181203,20191214
001492,0,0,0,0,0,0,0,20181203,20191214
001493,0,0,0,0,0,0,0,20181203,20191214
001494,0,0,0,0,0,0,0,20181203,20191214
001495,0,0,0,0,0,0,0,20181203,20191214
001496,0,0,0,0,0,0,0,20181203,20191214
001497,0,0,0,0,0,0,0,20181203,20191214
001498,0,0,0,0,0,0,0,20181203,20191214
001499,0,0,0,0,0,0,0,20181203,20191214
001500,0,0,0,0,0,0,0,20181203,20191214
001501,0,0,0,0,0,0,0,20181203,20191214
001502,0,0,0,0,0,0,0,20181203,20191214
001503,0,0,0,0,0,0,0,20181203,20191214
001504,0,0,0,0,0,0,0,20181203,20191214
001506,0,0,0,0,0,0,0,20181203,20191214
001507,0,0,0,0,0,0,0,20181203,20191214
001508,0,0,0,0,0,0,0,20181203,20191214
001509,0,0,0,0,0,0,0,20181203,20191214
001510,0,0,0,0,0,0,0,20181203,20191214
001511,0,0,0,0,0,0,0,20181203,20191214
001512,0,0,0,0,0,0,0,20181203,20191214
001513,0,0,0,0,0,0,0,20181203,20191214
001514,0,0,0,0,0,0,0,20181203,20191214
001515,0,0,0,0,0,0,0,20181203,20191214
001516,0,0,0,0,0,0,0,20181203,20191214
001517,0,0,0,0,0,0,0,20181203,20191214
001518,0,0,0,0,0,0,0,20181203,20191214
001520,0,0,0,0,0,0,0,20181203,20191214
001521,0,0,0,0,0,0,0,20181203,20191214
001522,0,0,0,0,0,0,0,20181203,20191214
001523,0,0,0,0,0,0,0,20181203,20191214
001524,0,0,0,0,0,0,0,20181203,20191214
001525,0,0,0,0,0,0,0,20181203,20191214
001526,0,0,0,0,0,0,0,20181203,20191214
001527,0,0,0,0,0,0,0,20181203,20191214
001528,0,0,0,0,0,0,0,20181203,20191214
001529,0,0,0,0,0,0,0,20181203,20191214
001530,0,0,0,0,0,0,0,20181203,20191214
001531,0,0,0,0,0,0,0,20181203,20191214
001532,0,0,0,0,0,0,0,20181203,20191214
001533,0,0,0,0,0,0,0,20181203,20191214
001535,0,0,0,0,0,0,0,20181203,20191214
001536,0,0,0,0,0,0,0,20181203,20191214
001537,0,0,0,0,0,0,0,20181203,20191214
001538,0,0,0,0,0,0,0,20181203,20191214
001539,0,0,0,0,0,0,0,20181203,20191214
001540,0,0,0,0,0,0,0,20181203,20191214
001541,0,0,0,0,0,0,0,20181203,20191214
001542,0,0,0,0,0,0,0,20181203,20191214
001543,0,0,0,0,0,0,0,20181203,20191214
001544,0,0,0,0,0,0,0,20181203,20191214
001545,0,0,0,0,0,0,0,20181203,20191214
001546,0,0,0,0,0,0,0,20181203,20191214
001547,0,0,0,0,0,0,0,20181203,20191214
001548,0,0,0,0,0,0,0,20181203,20191214
001549,0,0,0,0,0,0,0,20181203,20191214
001550,0,0,0,0,0,0,0,20181203,20191214
001551,0,0,0,0,0,0,0,20181203,20191214
001552,0,0,0,0,0,0,0,20181203,20191214
001553,0,0,0,0,0,0,0,20181203,20191214
001554,0,0,0,0,0,0,0,20181203,20191214
001555,0,0,0,0,0,0,0,20181203,20191214
001556,0,0,0,0,0,0,0,20181203,20191214
001557,0,0,0,0,0,0,0,20181203,20191214
001558,0,0,0,0,0,0,0,20181203,20191214
001559,0,0,0,0,0,0,0,20181203,20191214
001560,0,0,0,0,0,0,0,20181203,20191214
001561,0,0,0,0,0,0,0,20181203,20191214
001562,0,0,0,0,0,0,0,20181203,20191214
001563,0,0,0,0,0,0,0,20181203,20191214
001564,0,0,0,0,0,0,0,20181203,20191214
001565,0,0,0,0,0,0,0,20181203,20191214
001566,0,0,0,0,0,0,0,20181203,20191214
001567,0,0,0,0,0,0,0,20181203,20191214
001568,0,0,0,0,0,0,0,20181203,20191214
001569,0,0,0,0,0,0,0,20181203,20191214
001570,0,0,0,0,0,0,0,20181203,20191214
001571,0,0,0,0,0,0,0,20181203,20191214
001572,0,0,0,0,0,0,0,20181203,20191214
001573,0,0,0,0,0,0,0,20181203,20191214
001574,0,0,0,0,0,0,0,20181203,20191214
001575,0,0,0,0,0,0,0,20181203,20191214
001577,0,0,0,0,0,0,0,20181203,20191214
001578,0,0,0,0,0,0,0,20181203,20191214
001579,0,0,0,0,0,0,0,20181203,20191214
001580,0,0,0,0,0,0,0,20181203,20191214
001581,0,0,0,0,0,0,0,20181203,20191214
001582,0,0,0,0,0,0,0,20181203,20191214
001583,0,0,0,0,0,0,0,20181203,20191214
001584,0,0,0,0,0,0,0,20181203,20191214
001585,0,0,0,0,0,0,0,20181203,20191214
001586,0,0,0,0,0,0,0,20181203,20191214
001588,0,0,0,0,0,0,0,20181203,20191214
001589,0,0,0,0,0,0,0,20181203,20191214
001590,0,0,0,0,0,0,0,20181203,20191214
001591,0,0,0,0,0,0,0,20181203,20191214
001592,0,0,0,0,0,0,0,20181203,20191214
001593,0,0,0,0,0,0,0,20181203,20191214
001594,0,0,0,0,0,0,0,20181203,20191214
001595,0,0,0,0,0,0,0,20181203,20191214
001596,0,0,0,0,0,0,0,20181203,20191214
001597,0,0,0,0,0,0,0,20181203,20191214
001598,0,0,0,0,0,0,0,20181203,20191214
001599,0,0,0,0,0,0,0,20181203,20191214
001600,0,0,0,0,0,0,0,20181203,20191214
001602,0,0,0,0,0,0,0,20181203,20191214
001603,0,0,0,0,0,0,0,20181203,20191214
001604,0,0,0,0,0,0,0,20181203,20191214
001605,0,0,0,0,0,0,0,20181203,20191214
001606,0,0,0,0,0,0,0,20181203,20191214
001607,0,0,0,0,0,0,0,20181203,20191214
001608,0,0,0,0,0,0,0,20181203,20191214
001609,0,0,0,0,0,0,0,20181203,20191214
001610,0,0,0,0,0,0,0,20181203,20191214
001611,0,0,0,0,0,0,0,20181203,20191214
001612,0,0,0,0,0,0,0,20181203,20191214
001613,0,0,0,0,0,0,0,20181203,20191214
001614,0,0,0,0,0,0,0,20181203,20191214
001616,0,0,0,0,0,0,0,20181203,20191214
001617,0,0,0,0,0,0,0,20181203,20191214
001618,0,0,0,0,0,0,0,20181203,20191214
001619,0,0,0,0,0,0,0,20181203,20191214
001620,0,0,0,0,0,0,0,20181203,20191214
001621,0,0,0,0,0,0,0,20181203,20191214
001622,0,0,0,0,0,0,0,20181203,20191214
001623,0,0,0,0,0,0,0,20181203,20191214
001624,0,0,0,0,0,0,0,20181203,20191214
001625,0,0,0,0,0,0,0,20181203,20191214
001626,0,0,0,0,0,0,0,20181203,20191214
001627,0,0,0,0,0,0,0,20181203,20191214
001628,0,0,0,0,0,0,0,20181203,20191214
001629,0,0,0,0,0,0,0,20181203,20191214
001630,0,0,0,0,0,0,0,20181203,20191214
001631,0,0,0,0,0,0,0,20181203,20191214
001632,0,0,0,0,0,0,0,20181203,20191214
001633,0,0,0,0,0,0,0,20181203,20191214
001634,0,0,0,0,0,0,0,20181203,20191214
001635,0,0,0,0,0,0,0,20181203,20191214
001636,0,0,0,0,0,0,0,20181203,20191214
001638,0,0,0,0,0,0,0,20181203,20191214
001639,0,0,0,0,0,0,0,20181203,20191214
001640,0,0,0,0,0,0,0,20181203,20191214
001641,0,0,0,0,0,0,0,20181203,20191214
001642,0,0,0,0,0,0,0,20181203,20191214
001643,0,0,0,0,0,0,0,20181203,20191214
001645,0,0,0,0,0,0,0,20181203,20191214
001646,0,0,0,0,0,0,0,20181203,20191214
001647,0,0,0,0,0,0,0,20181203,20191214
001648,0,0,0,0,0,0,0,20181203,20191214
001649,0,0,0,0,0,0,0,20181203,20191214
001650,0,0,0,0,0,0,0,20181203,20191214
001651,0,0,0,0,0,0,0,20181203,20191214
001652,0,0,0,0,0,0,0,20181203,20191214
001653,0,0,0,0,0,0,0,20181203,20191214
001654,0,0,0,0,0,0,0,20181203,20191214
001655,0,0,0,0,0,0,0,20181203,20191214
001656,0,0,0,0,0,0,0,20181203,20191214
001659,0,0,0,0,0,0,0,20181203,20191214
001661,0,0,0,0,0,0,0,20181203,20191214
001662,0,0,0,0,0,0,0,20181203,20191214
001663,0,0,0,0,0,0,0,20181203,20191214
001664,0,0,0,0,0,0,0,20181203,20191214
001665,0,0,0,0,0,0,0,20181203,20191214
001666,0,0,0,0,0,0,0,20181203,20191214
001667,0,0,0,0,0,0,0,20181203,20191214
001668,0,0,0,0,0,0,0,20181203,20191214
001669,0,0,0,0,0,0,0,20181203,20191214
001671,0,0,0,0,0,0,0,20181203,20191214
001672,0,0,0,0,0,0,0,20181203,20191214
001673,0,0,0,0,0,0,0,20181203,20191214
001674,0,0,0,0,0,0,0,20181203,20191214
001675,0,0,0,0,0,0,0,20181203,20191214
001676,0,0,0,0,0,0,0,20181203,20191214
001677,0,0,0,0,0,0,0,20181203,20191214
001678,0,0,0,0,0,0,0,20181203,20191214
001679,0,0,0,0,0,0,0,20181203,20191214
001680,0,0,0,0,0,0,0,20181203,20191214
001681,0,0,0,0,0,0,0,20181203,20191214
001682,0,0,0,0,0,0,0,20181203,20191214
001683,0,0,0,0,0,0,0,20181203,20191214
001684,0,0,0,0,0,0,0,20181203,20191214
001685,0,0,0,0,0,0,0,20181203,20191214
001686,0,0,0,0,0,0,0,20181203,20191214
001687,0,0,0,0,0,0,0,20181203,20191214
001688,0,0,0,0,0,0,0,20181203,20191214
001690,0,0,0,0,0,0,0,20181203,20191214
001691,0,0,0,0,0,0,0,20181203,20191214
001692,0,0,0,0,0,0,0,20181203,20191214
001693,0,0,0,0,0,0,0,20181203,20191214
001694,0,0,0,0,0,0,0,20181203,20191214
001695,0,0,0,0,0,0,0,20181203,20191214
001696,0,0,0,0,0,0,0,20181203,20191214
001697,0,0,0,0,0,0,0,20181203,20191214
001698,0,0,0,0,0,0,0,20181203,20191214
001699,0,0,0,0,0,0,0,20181203,20191214
001700,0,0,0,0,0,0,0,20181203,20191214
001701,0,0,0,0,0,0,0,20181203,20191214
001702,0,0,0,0,0,0,0,20181203,20191214
001703,0,0,0,0,0,0,0,20181203,20191214
001704,0,0,0,0,0,0,0,20181203,20191214
001705,0,0,0,0,0,0,0,20181203,20191214
001706,0,0,0,0,0,0,0,20181203,20191214
001707,0,0,0,0,0,0,0,20181203,20191214
001708,0,0,0,0,0,0,0,20181203,20191214
001709,0,0,0,0,0,0,0,20181203,20191214
001710,0,0,0,0,0,0,0,20181203,20191214
001711,0,0,0,0,0,0,0,20181203,20191214
001712,0,0,0,0,0,0,0,20181203,20191214
001713,0,0,0,0,0,0,0,20181203,20191214
001715,0,0,0,0,0,0,0,20181203,20191214
001716,0,0,0,0,0,0,0,20181203,20191214
001717,0,0,0,0,0,0,0,20181203,20191214
001718,0,0,0,0,0,0,0,20181203,20191214
001719,0,0,0,0,0,0,0,20181203,20191214
001720,0,0,0,0,0,0,0,20181203,20191214
001721,0,0,0,0,0,0,0,20181203,20191214
001722,0,0,0,0,0,0,0,20181203,20191214
001723,0,0,0,0,0,0,0,20181203,20191214
001724,0,0,0,0,0,0,0,20181203,20191214
001725,0,0,0,0,0,0,0,20181203,20191214
001726,0,0,0,0,0,0,0,20181203,20191214
001727,0,0,0,0,0,0,0,20181203,20191214
001728,0,0,0,0,0,0,0,20181203,20191214
001729,0,0,0,0,0,0,0,20181203,20191214
001730,0,0,0,0,0,0,0,20181203,20191214
001731,0,0,0,0,0,0,0,20181203,20191214
001732,0,0,0,0,0,0,0,20181203,20191214
001733,0,0,0,0,0,0,0,20181203,20191214
001734,0,0,0,0,0,0,0,20181203,20191214
001735,0,0,0,0,0,0,0,20181203,20191214
001736,0,0,0,0,0,0,0,20181203,20191214
001737,0,0,0,0,0,0,0,20181203,20191214
001738,0,0,0,0,0,0,0,20181203,20191214
001739,0,0,0,0,0,0,0,20181203,20191214
001740,0,0,0,0,0,0,0,20181203,20191214
001741,0,0,0,0,0,0,0,20181203,20191214
001742,0,0,0,0,0,0,0,20181203,20191214
001743,0,0,0,0,0,0,0,20181203,20191214
001744,0,0,0,0,0,0,0,20181203,20191214
001745,0,0,0,0,0,0,0,20181203,20191214
001746,0,0,0,0,0,0,0,20181203,20191214
001747,0,0,0,0,0,0,0,20181203,20191214
001748,0,0,0,0,0,0,0,20181203,20191214
001749,0,0,0,0,0,0,0,20181203,20191214
001750,0,0,0,0,0,0,0,20181203,20191214
001751,0,0,0,0,0,0,0,20181203,20191214
001752,0,0,0,0,0,0,0,20181203,20191214
001753,0,0,0,0,0,0,0,20181203,20191214
001754,0,0,0,0,0,0,0,20181203,20191214
001755,0,0,0,0,0,0,0,20181203,20191214
001756,0,0,0,0,0,0,0,20181203,20191214
001757,0,0,0,0,0,0,0,20181203,20191214
001758,0,0,0,0,0,0,0,20181203,20191214
001759,0,0,0,0,0,0,0,20181203,20191214
001760,0,0,0,0,0,0,0,20181203,20191214
001761,0,0,0,0,0,0,0,20181203,20191214
001762,0,0,0,0,0,0,0,20181203,20191214
001763,0,0,0,0,0,0,0,20181203,20191214
001764,0,0,0,0,0,0,0,20181203,20191214
001765,0,0,0,0,0,0,0,20181203,20191214
001766,0,0,0,0,0,0,0,20181203,20191214
001767,0,0,0,0,0,0,0,20181203,20191214
001768,0,0,0,0,0,0,0,20181203,20191214
001769,0,0,0,0,0,0,0,20181203,20191214
001770,0,0,0,0,0,0,0,20181203,20191214
001771,0,0,0,0,0,0,0,20181203,20191214
001772,0,0,0,0,0,0,0,20181203,20191214
001773,0,0,0,0,0,0,0,20181203,20191214
001774,0,0,0,0,0,0,0,20181203,20191214
001775,0,0,0,0,0,0,0,20181203,20191214
001776,0,0,0,0,0,0,0,20181203,20191214
001777,0,0,0,0,0,0,0,20181203,20191214
001778,0,0,0,0,0,0,0,20181203,20191214
001779,0,0,0,0,0,0,0,20181203,20191214
001781,0,0,0,0,0,0,0,20181203,20191214
001782,0,0,0,0,0,0,0,20181203,20191214
001783,0,0,0,0,0,0,0,20181203,20191214
001784,0,0,0,0,0,0,0,20181203,20191214
001785,0,0,0,0,0,0,0,20181203,20191214
001786,0,0,0,0,0,0,0,20181203,20191214
001787,0,0,0,0,0,0,0,20181203,20191214
001788,0,0,0,0,0,0,0,20181203,20191214
001789,0,0,0,0,0,0,0,20181203,20191214
001791,0,0,0,0,0,0,0,20181203,20191214
001792,0,0,0,0,0,0,0,20181203,20191214
001793,0,0,0,0,0,0,0,20181203,20191214
001795,0,0,0,0,0,0,0,20181203,20191214
001796,0,0,0,0,0,0,0,20181203,20191214
001797,0,0,0,0,0,0,0,20181203,20191214
001798,0,0,0,0,0,0,0,20181203,20191214
001799,0,0,0,0,0,0,0,20181203,20191214
001800,0,0,0,0,0,0,0,20181203,20191214
001801,0,0,0,0,0,0,0,20181203,20191214
001802,0,0,0,0,0,0,0,20181203,20191214
001803,0,0,0,0,0,0,0,20181203,20191214
001804,0,0,0,0,0,0,0,20181203,20191214
001805,0,0,0,0,0,0,0,20181203,20191214
001806,0,0,0,0,0,0,0,20181203,20191214
001807,0,0,0,0,0,0,0,20181203,20191214
001808,0,0,0,0,0,0,0,20181203,20191214
001809,0,0,0,0,0,0,0,20181203,20191214
001810,0,0,0,0,0,0,0,20181203,20191214
001811,0,0,0,0,0,0,0,20181203,20191214
001812,0,0,0,0,0,0,0,20181203,20191214
001813,0,0,0,0,0,0,0,20181203,20191214
001814,0,0,0,0,0,0,0,20181203,20191214
001816,0,0,0,0,0,0,0,20181203,20191214
001817,0,0,0,0,0,0,0,20181203,20191214
001818,0,0,0,0,0,0,0,20181203,20191214
001819,0,0,0,0,0,0,0,20181203,20191214
001820,0,0,0,0,0,0,0,20181203,20191214
001821,0,0,0,0,0,0,0,20181203,20191214
001822,0,0,0,0,0,0,0,20181203,20191214
001823,0,0,0,0,0,0,0,20181203,20191214
001824,0,0,0,0,0,0,0,20181203,20191214
001825,0,0,0,0,0,0,0,20181203,20191214
001826,0,0,0,0,0,0,0,20181203,20191214
001827,0,0,0,0,0,0,0,20181203,20191214
001828,0,0,0,0,0,0,0,20181203,20191214
001829,0,0,0,0,0,0,0,20181203,20191214
001830,0,0,0,0,0,0,0,20181203,20191214
001831,0,0,0,0,0,0,0,20181203,20191214
001832,0,0,0,0,0,0,0,20181203,20191214
001833,0,0,0,0,0,0,0,20181203,20191214
001834,0,0,0,0,0,0,0,20181203,20191214
001835,0,0,0,0,0,0,0,20181203,20191214
001836,0,0,0,0,0,0,0,20181203,20191214
001837,0,0,0,0,0,0,0,20181203,20191214
001838,0,0,0,0,0,0,0,20181203,20191214
001839,0,0,0,0,0,0,0,20181203,20191214
001840,0,0,0,0,0,0,0,20181203,20191214
001841,0,0,0,0,0,0,0,20181203,20191214
001842,0,0,0,0,0,0,0,20181203,20191214
001843,0,0,0,0,0,0,0,20181203,20191214
001844,0,0,0,0,0,0,0,20181203,20191214
001845,0,0,0,0,0,0,0,20181203,20191214
001846,0,0,0,0,0,0,0,20181203,20191214
001847,0,0,0,0,0,0,0,20181203,20191214
001848,0,0,0,0,0,0,0,20181203,20191214
001849,0,0,0,0,0,0,0,20181203,20191214
001850,0,0,0,0,0,0,0,20181203,20191214
001851,0,0,0,0,0,0,0,20181203,20191214
001852,0,0,0,0,0,0,0,20181203,20191214
001853,0,0,0,0,0,0,0,20181203,20191214
001854,0,0,0,0,0,0,0,20181203,20191214
001855,0,0,0,0,0,0,0,20181203,20191214
001856,0,0,0,0,0,0,0,20181203,20191214
001857,0,0,0,0,0,0,0,20181203,20191214
001858,0,0,0,0,0,0,0,20181203,20191214
001859,0,0,0,0,0,0,0,20181203,20191214
001860,0,0,0,0,0,0,0,20181203,20191214
001861,0,0,0,0,0,0,0,20181203,20191214
001862,0,0,0,0,0,0,0,20181203,20191214
001863,0,0,0,0,0,0,0,20181203,20191214
001864,0,0,0,0,0,0,0,20181203,20191214
001865,0,0,0,0,0,0,0,20181203,20191214
001866,0,0,0,0,0,0,0,20181203,20191214
001867,0,0,0,0,0,0,0,20181203,20191214
001868,0,0,0,0,0,0,0,20181203,20191214
001869,0,0,0,0,0,0,0,20181203,20191214
001870,0,0,0,0,0,0,0,20181203,20191214
001871,0,0,0,0,0,0,0,20181203,20191214
001872,0,0,0,0,0,0,0,20181203,20191214
001873,0,0,0,0,0,0,0,20181203,20191214
001874,0,0,0,0,0,0,0,20181203,20191214
001875,0,0,0,0,0,0,0,20181203,20191214
001876,0,0,0,0,0,0,0,20181203,20191214
001877,0,0,0,0,0,0,0,20181203,20191214
001878,0,0,0,0,0,0,0,20181203,20191214
001879,0,0,0,0,0,0,0,20181203,20191214
001880,0,0,0,0,0,0,0,20181203,20191214
001881,0,0,0,0,0,0,0,20181203,20191214
001883,0,0,0,0,0,0,0,20181203,20191214
001884,0,0,0,0,0,0,0,20181203,20191214
001885,0,0,0,0,0,0,0,20181203,20191214
001886,0,0,0,0,0,0,0,20181203,20191214
001887,0,0,0,0,0,0,0,20181203,20191214
001888,0,0,0,0,0,0,0,20181203,20191214
001889,0,0,0,0,0,0,0,20181203,20191214
001890,0,0,0,0,0,0,0,20181203,20191214
001891,0,0,0,0,0,0,0,20181203,20191214
001892,0,0,0,0,0,0,0,20181203,20191214
001894,0,0,0,0,0,0,0,20181203,20191214
001895,0,0,0,0,0,0,0,20181203,20191214
001896,0,0,0,0,0,0,0,20181203,20191214
001897,0,0,0,0,0,0,0,20181203,20191214
001898,0,0,0,0,0,0,0,20181203,20191214
001899,0,0,0,0,0,0,0,20181203,20191214
001900,0,0,0,0,0,0,0,20181203,20191214
001901,0,0,0,0,0,0,0,20181203,20191214
001902,0,0,0,0,0,0,0,20181203,20191214
001903,0,0,0,0,0,0,0,20181203,20191214
001904,0,0,0,0,0,0,0,20181203,20191214
001905,0,0,0,0,0,0,0,20181203,20191214
001906,0,0,0,0,0,0,0,20181203,20191214
001907,0,0,0,0,0,0,0,20181203,20191214
001909,0,0,0,0,0,0,0,20181203,20191214
001910,0,0,0,0,0,0,0,20181203,20191214
001911,0,0,0,0,0,0,0,20181203,20191214
001912,0,0,0,0,0,0,0,20181203,20191214
001913,0,0,0,0,0,0,0,20181203,20191214
001914,0,0,0,0,0,0,0,20181203,20191214
001915,0,0,0,0,0,0,0,20181203,20191214
001916,0,0,0,0,0,0,0,20181203,20191214
001917,0,0,0,0,0,0,0,20181203,20191214
001918,0,0,0,0,0,0,0,20181203,20191214
001919,0,0,0,0,0,0,0,20181203,20191214
001920,0,0,0,0,0,0,0,20181203,20191214
001921,0,0,0,0,0,0,0,20181203,20191214
001922,0,0,0,0,0,0,0,20181203,20191214
001923,0,0,0,0,0,0,0,20181203,20191214
001924,0,0,0,0,0,0,0,20181203,20191214
001925,0,0,0,0,0,0,0,20181203,20191214
001926,0,0,0,0,0,0,0,20181203,20191214
001927,0,0,0,0,0,0,0,20181203,20191214
001928,0,0,0,0,0,0,0,20181203,20191214
001929,0,0,0,0,0,0,0,20181203,20191214
001930,0,0,0,0,0,0,0,20181203,20191214
001931,0,0,0,0,0,0,0,20181203,20191214
001932,0,0,0,0,0,0,0,20181203,20191214
001933,0,0,0,0,0,0,0,20181203,20191214
001934,0,0,0,0,0,0,0,20181203,20191214
001935,0,0,0,0,0,0,0,20181203,20191214
001936,0,0,0,0,0,0,0,20181203,20191214
001937,0,0,0,0,0,0,0,20181203,20191214
001938,0,0,0,0,0,0,0,20181203,20191214
001939,0,0,0,0,0,0,0,20181203,20191214
001940,0,0,0,0,0,0,0,20181203,20191214
001941,0,0,0,0,0,0,0,20181203,20191214
001942,0,0,0,0,0,0,0,20181203,20191214
001943,0,0,0,0,0,0,0,20181203,20191214
001944,0,0,0,0,0,0,0,20181203,20191214
001945,0,0,0,0,0,0,0,20181203,20191214
001946,0,0,0,0,0,0,0,20181203,20191214
001947,0,0,0,0,0,0,0,20181203,20191214
001948,0,0,0,0,0,0,0,20181203,20191214
001949,0,0,0,0,0,0,0,20181203,20191214
001950,0,0,0,0,0,0,0,20181203,20191214
001951,0,0,0,0,0,0,0,20181203,20191214
001952,0,0,0,0,0,0,0,20181203,20191214
001953,0,0,0,0,0,0,0,20181203,20191214
001954,0,0,0,0,0,0,0,20181203,20191214
001955,0,0,0,0,0,0,0,20181203,20191214
001956,0,0,0,0,0,0,0,20181203,20191214
001958,0,0,0,0,0,0,0,20181203,20191214
001959,0,0,0,0,0,0,0,20181203,20191214
001960,0,0,0,0,0,0,0,20181203,20191214
001961,0,0,0,0,0,0,0,20181203,20191214
001962,0,0,0,0,0,0,0,20181203,20191214
001963,0,0,0,0,0,0,0,20181203,20191214
001964,0,0,0,0,0,0,0,20181203,20191214
001965,0,0,0,0,0,0,0,20181203,20191214
001966,0,0,0,0,0,0,0,20181203,20191214
001967,0,0,0,0,0,0,0,20181203,20191214
001968,0,0,0,0,0,0,0,20181203,20191214
001969,0,0,0,0,0,0,0,20181203,20191214
001970,0,0,0,0,0,0,0,20181203,20191214
001971,0,0,0,0,0,0,0,20181203,20191214
001972,0,0,0,0,0,0,0,20181203,20191214
001973,0,0,0,0,0,0,0,20181203,20191214
001974,0,0,0,0,0,0,0,20181203,20191214
001975,0,0,0,0,0,0,0,20181203,20191214
001976,0,0,0,0,0,0,0,20181203,20191214
001977,0,0,0,0,0,0,0,20181203,20191214
001978,0,0,0,0,0,0,0,20181203,20191214
001979,0,0,0,0,0,0,0,20181203,20191214
001980,0,0,0,0,0,0,0,20181203,20191214
001981,0,0,0,0,0,0,0,20181203,20191214
001982,0,0,0,0,0,0,0,20181203,20191214
001983,0,0,0,0,0,0,0,20181203,20191214
001984,0,0,0,0,0,0,0,20181203,20191214
001985,0,0,0,0,0,0,0,20181203,20191214
001986,0,0,0,0,0,0,0,20181203,20191214
001987,0,0,0,0,0,0,0,20181203,20191214
001988,0,0,0,0,0,0,0,20181203,20191214
001989,0,0,0,0,0,0,0,20181203,20191214
001990,0,0,0,0,0,0,0,20181203,20191214
001991,0,0,0,0,0,0,0,20181203,20191214
001992,0,0,0,0,0,0,0,20181203,20191214
001993,0,0,0,0,0,0,0,20181203,20191214
001994,0,0,0,0,0,0,0,20181203,20191214
001995,0,0,0,0,0,0,0,20181203,20191214
001996,0,0,0,0,0,0,0,20181203,20191214
001997,0,0,0,0,0,0,0,20181203,20191214
001998,0,0,0,0,0,0,0,20181203,20191214
001999,0,0,0,0,0,0,0,20181203,20191214
002000,0,0,0,0,0,0,0,20181203,20191214
002001,0,0,0,0,0,0,0,20181203,20191214
002002,0,0,0,0,0,0,0,20181203,20191214
002003,0,0,0,0,0,0,0,20181203,20191214
002004,0,0,0,0,0,0,0,20181203,20191214
002005,0,0,0,0,0,0,0,20181203,20191214
002006,0,0,0,0,0,0,0,20181203,20191214
002007,0,0,0,0,0,0,0,20181203,20191214
002009,0,0,0,0,0,0,0,20181203,20191214
002010,0,0,0,0,0,0,0,20181203,20191214
002011,0,0,0,0,0,0,0,20181203,20191214
002013,0,0,0,0,0,0,0,20181203,20191214
002014,0,0,0,0,0,0,0,20181203,20191214
002015,0,0,0,0,0,0,0,20181203,20191214
002016,0,0,0,0,0,0,0,20181203,20191214
002017,0,0,0,0,0,0,0,20181203,20191214
002018,0,0,0,0,0,0,0,20181203,20191214
002019,0,0,0,0,0,0,0,20181203,20191214
002020,0,0,0,0,0,0,0,20181203,20191214
002021,0,0,0,0,0,0,0,20181203,20191214
002022,0,0,0,0,0,0,0,20181203,20191214
002023,0,0,0,0,0,0,0,20181203,20191214
002024,0,0,0,0,0,0,0,20181203,20191214
002025,0,0,0,0,0,0,0,20181203,20191214
002026,0,0,0,0,0,0,0,20181203,20191214
002027,0,0,0,0,0,0,0,20181203,20191214
002028,0,0,0,0,0,0,0,20181203,20191214
002029,0,0,0,0,0,0,0,20181203,20191214
002030,0,0,0,0,0,0,0,20181203,20191214
002031,0,0,0,0,0,0,0,20181203,20191214
002032,0,0,0,0,0,0,0,20181203,20191214
002033,0,0,0,0,0,0,0,20181203,20191214
002034,0,0,0,0,0,0,0,20181203,20191214
002035,0,0,0,0,0,0,0,20181203,20191214
002036,0,0,0,0,0,0,0,20181203,20191214
002037,0,0,0,0,0,0,0,20181203,20191214
002038,0,0,0,0,0,0,0,20181203,20191214
002039,0,0,0,0,0,0,0,20181203,20191214
002040,0,0,0,0,0,0,0,20181203,20191214
002041,0,0,0,0,0,0,0,20181203,20191214
002042,0,0,0,0,0,0,0,20181203,20191214
002043,0,0,0,0,0,0,0,20181203,20191214
002044,0,0,0,0,0,0,0,20181203,20191214
002045,0,0,0,0,0,0,0,20181203,20191214
002046,0,0,0,0,0,0,0,20181203,20191214
002047,0,0,0,0,0,0,0,20181203,20191214
002048,0,0,0,0,0,0,0,20181203,20191214
002049,0,0,0,0,0,0,0,20181203,20191214
002050,0,0,0,0,0,0,0,20181203,20191214
002051,0,0,0,0,0,0,0,20181203,20191214
002052,0,0,0,0,0,0,0,20181203,20191214
002053,0,0,0,0,0,0,0,20181203,20191214
002054,0,0,0,0,0,0,0,20181203,20191214
002055,0,0,0,0,0,0,0,20181203,20191214
002056,0,0,0,0,0,0,0,20181203,20191214
002057,0,0,0,0,0,0,0,20181203,20191214
002058,0,0,0,0,0,0,0,20181203,20191214
002059,0,0,0,0,0,0,0,20181203,20191214
002060,0,0,0,0,0,0,0,20181203,20191214
002061,0,0,0,0,0,0,0,20181203,20191214
002062,0,0,0,0,0,0,0,20181203,20191214
002063,0,0,0,0,0,0,0,20181203,20191214
002064,0,0,0,0,0,0,0,20181203,20191214
002065,0,0,0,0,0,0,0,20181203,20191214
002066,0,0,0,0,0,0,0,20181203,20191214
002067,0,0,0,0,0,0,0,20181203,20191214
002068,0,0,0,0,0,0,0,20181203,20191214
002069,0,0,0,0,0,0,0,20181203,20191214
002070,0,0,0,0,0,0,0,20181203,20191214
002071,0,0,0,0,0,0,0,20181203,20191214
002072,0,0,0,0,0,0,0,20181203,20191214
002073,0,0,0,0,0,0,0,20181203,20191214
002074,0,0,0,0,0,0,0,20181203,20191214
002075,0,0,0,0,0,0,0,20181203,20191214
002076,0,0,0,0,0,0,0,20181203,20191214
002077,0,0,0,0,0,0,0,20181203,20191214
002078,0,0,0,0,0,0,0,20181203,20191214
002079,0,0,0,0,0,0,0,20181203,20191214
002080,0,0,0,0,0,0,0,20181203,20191214
002081,0,0,0,0,0,0,0,20181203,20191214
002082,0,0,0,0,0,0,0,20181203,20191214
002083,0,0,0,0,0,0,0,20181203,20191214
002084,0,0,0,0,0,0,0,20181203,20191214
002085,0,0,0,0,0,0,0,20181203,20191214
002086,0,0,0,0,0,0,0,20181203,20191214
002087,0,0,0,0,0,0,0,20181203,20191214
002088,0,0,0,0,0,0,0,20181203,20191214
002089,0,0,0,0,0,0,0,20181203,20191214
002090,0,0,0,0,0,0,0,20181203,20191214
002091,0,0,0,0,0,0,0,20181203,20191214
002093,0,0,0,0,0,0,0,20181203,20191214
002094,0,0,0,0,0,0,0,20181203,20191214
002095,0,0,0,0,0,0,0,20181203,20191214
002096,0,0,0,0,0,0,0,20181203,20191214
002097,0,0,0,0,0,0,0,20181203,20191214
002100,0,0,0,0,0,0,0,20181203,20191214
002101,0,0,0,0,0,0,0,20181203,20191214
002102,0,0,0,0,0,0,0,20181203,20191214
002103,0,0,0,0,0,0,0,20181203,20191214
002104,0,0,0,0,0,0,0,20181203,20191214
002105,0,0,0,0,0,0,0,20181203,20191214
002107,0,0,0,0,0,0,0,20181203,20191214
002108,0,0,0,0,0,0,0,20181203,20191214
002109,0,0,0,0,0,0,0,20181203,20191214
002110,0,0,0,0,0,0,0,20181203,20191214
002111,0,0,0,0,0,0,0,20181203,20191214
002113,0,0,0,0,0,0,0,20181203,20191214
002114,0,0,0,0,0,0,0,20181203,20191214
002115,0,0,0,0,0,0,0,20181203,20191214
002116,0,0,0,0,0,0,0,20181203,20191214
002117,0,0,0,0,0,0,0,20181203,20191214
002118,0,0,0,0,0,0,0,20181203,20191214
002119,0,0,0,0,0,0,0,20181203,20191214
002120,0,0,0,0,0,0,0,20181203,20191214
002122,0,0,0,0,0,0,0,20181203,20191214
002123,0,0,0,0,0,0,0,20181203,20191214
002124,0,0,0,0,0,0,0,20181203,20191214
002125,0,0,0,0,0,0,0,20181203,20191214
002126,0,0,0,0,0,0,0,20181203,20191214
002127,0,0,0,0,0,0,0,20181203,20191214
002128,0,0,0,0,0,0,0,20181203,20191214
002129,0,0,0,0,0,0,0,20181203,20191214
002130,0,0,0,0,0,0,0,20181203,20191214
002131,0,0,0,0,0,0,0,20181203,20191214
002132,0,0,0,0,0,0,0,20181203,20191214
002133,0,0,0,0,0,0,0,20181203,20191214
002134,0,0,0,0,0,0,0,20181203,20191214
002136,0,0,0,0,0,0,0,20181203,20191214
002137,0,0,0,0,0,0,0,20181203,20191214
002138,0,0,0,0,0,0,0,20181203,20191214
002139,0,0,0,0,0,0,0,20181203,20191214
002140,0,0,0,0,0,0,0,20181203,20191214
002141,0,0,0,0,0,0,0,20181203,20191214
002142,0,0,0,0,0,0,0,20181203,20191214
002143,0,0,0,0,0,0,0,20181203,20191214
002144,0,0,0,0,0,0,0,20181203,20191214
002145,0,0,0,0,0,0,0,20181203,20191214
002147,0,0,0,0,0,0,0,20181203,20191214
002148,0,0,0,0,0,0,0,20181203,20191214
002149,0,0,0,0,0,0,0,20181203,20191214
002150,0,0,0,0,0,0,0,20181203,20191214
002151,0,0,0,0,0,0,0,20181203,20191214
002152,0,0,0,0,0,0,0,20181203,20191214
002153,0,0,0,0,0,0,0,20181203,20191214
002154,0,0,0,0,0,0,0,20181203,20191214
002156,0,0,0,0,0,0,0,20181203,20191214
002157,0,0,0,0,0,0,0,20181203,20191214
002158,0,0,0,0,0,0,0,20181203,20191214
002159,0,0,0,0,0,0,0,20181203,20191214
002160,0,0,0,0,0,0,0,20181203,20191214
002161,0,0,0,0,0,0,0,20181203,20191214
002162,0,0,0,0,0,0,0,20181203,20191214
002163,0,0,0,0,0,0,0,20181203,20191214
002164,0,0,0,0,0,0,0,20181203,20191214
002165,0,0,0,0,0,0,0,20181203,20191214
002166,0,0,0,0,0,0,0,20181203,20191214
002167,0,0,0,0,0,0,0,20181203,20191214
002168,0,0,0,0,0,0,0,20181203,20191214
002414,0,0,0,0,0,0,0,20181203,20191214
002650,0,0,0,0,0,0,0,20181203,20191214
002674,0,0,0,0,0,0,0,20181203,20191214
003085,0,0,0,0,0,0,0,20181203,20191214
003130,0,0,0,0,0,0,0,20181203,20191214
003131,0,0,0,0,0,0,0,20181203,20191214
003132,0,0,0,0,0,0,0,20181203,20191214
003133,0,0,0,0,0,0,0,20181203,20191214
003134,0,0,0,0,0,0,0,20181203,20191214
003135,0,0,0,0,0,0,0,20181203,20191214
003136,0,0,0,0,0,0,0,20181203,20191214
003137,0,0,0,0,0,0,0,20181203,20191214
003138,0,0,0,0,0,0,0,20181203,20191214
003139,0,0,0,0,0,0,0,20181203,20191214
000000,0,0,0,0,0,0,0,20181203,20191214
